
$molecule
Sc     0.000003   0.000027   0.019777
 O     1.130364   1.745472  -0.179111
 O    -1.130360  -1.745420  -0.179086
 O    -1.192465   0.987044  -1.384618
 O     1.192460  -0.987003  -1.384616
 O     1.182246  -0.677590   1.603436
 O    -1.182226   0.677635   1.603450
 C    -1.092388   2.097827  -1.978019
 C     1.092391  -2.097801  -1.977990
 C     1.012175   2.777046  -0.899115
 C    -1.012165  -2.777010  -0.899065
 C    -0.043395   3.002236  -1.787544
 C     0.043406  -3.002215  -1.787489
 C    -2.191417   2.430389  -2.941302
 C     2.191420  -2.430377  -2.941268
 C     2.094832   3.803947  -0.760111
 C    -2.094816  -3.803914  -0.760037
 C     1.069350  -0.608662   2.860027
 C    -1.069360   0.608631   2.860039
 C    -0.000015  -0.000039   3.523821
 C    -2.175457   1.234474   3.654320
 C     2.175437  -1.234540   3.654296
 H    -2.151290  -4.122187   0.283549
 H     2.151305   4.122246   0.283467
 H    -1.934652  -4.671679  -1.398003
 H     1.934674   4.671697  -1.398098
 H    -3.053640  -3.341301  -1.005849
 H     3.053654   3.341323  -1.005909
 H     2.250715  -1.644539  -3.697937
 H    -2.250719   1.644535  -3.697954
 H     2.046967  -3.394228  -3.426862
 H    -2.046960   3.394229  -3.426916
 H     3.143189  -2.430315  -2.404708
 H    -3.143185   2.430344  -2.404738
 H    -3.120726   0.762164   3.376784
 H     3.120706  -0.762203   3.376811
 H    -2.253585   2.289961   3.383111
 H     2.253583  -2.290010   3.383023
 H    -2.024141   1.144515   4.728859
 H     2.024094  -1.144649   4.728836
 H    -0.051415   3.923772  -2.351895
 H     0.051432  -3.923763  -2.351819
 H    -0.000027  -0.000071   4.604451
$end
$temperature
298.15
$end
$mult
 1
$end
$sigma
 1
$end
$pressure
1.00000
$end
$scale
0.983
$end
$msrrho
100
4
1
$end
$freq
17.24
17.64
28.64
32.64
32.72
36.33
86.70
86.72
86.84
98.72
98.81
99.55
126.94
129.59
130.52
149.44
156.29
156.33
156.71
173.83
175.74
191.06
198.57
198.66
241.42
241.63
246.79
284.21
332.82
333.39
409.54
409.83
412.81
440.52
448.58
449.79
540.00
540.12
546.33
573.45
573.50
574.02
667.86
668.00
671.88
679.77
680.95
681.10
793.51
793.78
794.06
964.57
964.62
964.63
966.02
966.11
966.21
1029.13
1029.13
1029.83
1040.95
1041.43
1041.47
1049.75
1049.80
1052.52
1052.71
1052.77
1053.01
1216.48
1216.50
1217.12
1310.13
1310.15
1315.46
1381.88
1382.11
1382.11
1388.38
1388.40
1388.85
1440.62
1440.72
1450.20
1462.67
1462.67
1462.81
1463.39
1463.41
1463.42
1473.17
1473.17
1474.32
1499.12
1499.20
1510.31
1577.49
1577.54
1579.14
1653.81
1653.91
1689.19
3059.63
3059.64
3059.71
3059.73
3059.73
3059.79
3128.12
3128.13
3128.16
3128.26
3128.27
3128.28
3162.40
3162.47
3162.56
3162.59
3162.71
3162.78
3230.31
3230.35
3230.46
$end
