
$molecule
Co    -0.000001   0.000002   0.030283
 O     1.087051   1.531875   0.117973
 O    -1.087054  -1.531872   0.117972
 O    -1.148036   0.635537  -1.316066
 O     1.148032  -0.635532  -1.316067
 O     1.152883  -0.794782   1.283488
 O    -1.152885   0.794784   1.283490
 C    -1.005317   1.744813  -1.898985
 C     1.005316  -1.744810  -1.898984
 C     0.958290   2.530974  -0.640521
 C    -0.958289  -2.530973  -0.640518
 C    -0.015004   2.689074  -1.627873
 C     0.015006  -2.689073  -1.627868
 C    -2.019743   2.023474  -2.967875
 C     2.019743  -2.023471  -2.967872
 C     1.967026   3.618053  -0.418179
 C    -1.967024  -3.618054  -0.418175
 C     1.014144  -0.696444   2.532943
 C    -1.014145   0.696442   2.532944
 C    -0.000001  -0.000002   3.190865
 C    -2.061880   1.410239   3.333939
 C     2.061878  -1.410242   3.333935
 H    -1.914108  -3.949433   0.621013
 H     1.914109   3.949436   0.621007
 H    -1.810025  -4.468142  -1.079947
 H     1.810030   4.468140  -1.079954
 H    -2.968049  -3.211451  -0.577763
 H     2.968051   3.211448  -0.577765
 H     1.981831  -1.226430  -3.713580
 H    -1.981834   1.226430  -3.713579
 H     1.854971  -2.984064  -3.453018
 H    -1.854968   2.984064  -3.453024
 H     3.018011  -2.004980  -2.525327
 H    -3.018011   2.004987  -2.525328
 H    -3.042883   1.005632   3.075581
 H     3.042882  -1.005634   3.075579
 H    -2.064987   2.466984   3.058409
 H     2.064986  -2.466986   3.058403
 H    -1.899434   1.313682   4.406058
 H     1.899432  -1.313688   4.406055
 H    -0.008605   3.600670  -2.207355
 H     0.008610  -3.600671  -2.207348
 H    -0.000001  -0.000003   4.271028
$end
$temperature
298.15
$end
$mult
 1
$end
$sigma
 2
$end
$pressure
1.00000
$end
$scale
0.983
$end
$msrrho
100
4
1
$end
$freq
26.10
27.05
41.04
52.92
54.69
55.34
67.81
67.98
68.45
81.40
81.91
83.09
163.90
164.97
165.23
198.97
202.42
204.18
222.51
245.07
245.39
262.34
266.58
266.81
276.23
278.48
287.99
382.41
391.31
392.84
437.50
439.13
441.36
472.34
472.40
473.20
575.80
576.05
578.76
646.98
647.51
677.03
689.39
689.52
692.39
702.36
702.47
710.98
779.59
780.06
780.13
970.25
970.44
970.49
975.27
976.41
976.65
1037.42
1037.48
1038.09
1040.17
1040.57
1040.61
1052.78
1052.92
1053.30
1056.35
1056.48
1058.30
1221.66
1222.04
1223.17
1316.81
1317.11
1320.68
1383.80
1384.23
1384.34
1390.04
1390.10
1391.05
1453.79
1453.84
1454.29
1463.09
1463.09
1463.41
1463.85
1463.86
1463.96
1473.25
1473.27
1473.71
1515.71
1523.15
1523.40
1575.23
1575.29
1576.59
1660.24
1660.47
1683.73
3063.05
3063.06
3063.18
3063.25
3063.26
3063.31
3132.50
3132.52
3132.69
3132.81
3132.98
3132.99
3164.79
3164.83
3165.00
3165.01
3165.20
3165.31
3233.94
3234.02
3234.43
$end
