
$molecule
Ti    -0.000012   0.000003  -0.048602
 O     1.091604   1.691191  -0.108863
 O    -1.091621  -1.691188  -0.108871
 O    -1.108859   0.907139  -1.458925
 O     1.108838  -0.907123  -1.458931
 O     1.122811  -0.751303   1.444684
 O    -1.122829   0.751304   1.444693
 C    -1.031197   2.047305  -2.003637
 C     1.031192  -2.047295  -2.003632
 C     0.953847   2.769999  -0.757104
 C    -0.953847  -2.770002  -0.757100
 C    -0.056350   2.997456  -1.693607
 C     0.056358  -2.997455  -1.693596
 C    -2.068135   2.346533  -3.041824
 C     2.068137  -2.346518  -3.041814
 C     1.959796   3.840267  -0.464797
 C    -1.959784  -3.840280  -0.464787
 C     1.017082  -0.686064   2.704362
 C    -1.017091   0.686062   2.704371
 C    -0.000002  -0.000002   3.371001
 C    -2.070801   1.408747   3.485838
 C     2.070796  -1.408753   3.485820
 H    -1.928873  -4.075606   0.601772
 H     1.928886   4.075601   0.601760
 H    -1.783766  -4.746430  -1.042414
 H     1.783789   4.746416  -1.042431
 H    -2.960706  -3.459041  -0.680086
 H     2.960714   3.459015  -0.680092
 H     2.015431  -1.588280  -3.826744
 H    -2.015436   1.588287  -3.826747
 H     1.944199  -3.334807  -3.481831
 H    -1.944184   3.334816  -3.481850
 H     3.059399  -2.270445  -2.588783
 H    -3.059399   2.270476  -2.588795
 H    -3.049503   0.995203   3.231030
 H     3.049497  -0.995213   3.231003
 H    -2.079143   2.459596   3.187080
 H     2.079132  -2.459602   3.187063
 H    -1.915389   1.336692   4.561202
 H     1.915395  -1.336697   4.561185
 H    -0.081553   3.948928  -2.205353
 H     0.081574  -3.948933  -2.205332
 H     0.000002  -0.000002   4.451680
$end
$temperature
298.15
$end
$mult
 2
$end
$sigma
 2
$end
$pressure
1.00000
$end
$scale
0.983
$end
$msrrho
100
4
1
$end
$freq
21.74
22.91
36.04
36.29
37.43
44.73
87.49
87.68
88.01
98.72
98.81
99.95
142.30
142.86
162.15
162.66
162.74
170.48
178.00
202.16
206.81
206.95
216.39
217.16
239.64
240.28
251.98
332.08
341.81
342.18
405.43
406.39
415.16
433.78
434.39
445.00
556.17
556.62
569.21
570.00
570.33
570.68
654.91
654.93
672.55
680.34
680.41
682.03
793.84
794.28
794.45
966.10
966.24
966.33
967.95
968.14
968.25
1028.53
1028.61
1030.73
1040.42
1040.63
1040.67
1049.98
1050.15
1051.70
1051.74
1051.91
1052.66
1213.87
1213.98
1214.77
1315.10
1315.54
1321.93
1383.27
1383.43
1383.47
1389.95
1390.10
1391.41
1421.94
1422.58
1446.18
1462.67
1462.69
1462.90
1463.36
1463.39
1463.47
1471.52
1471.53
1473.62
1484.70
1484.90
1499.49
1577.51
1577.60
1580.11
1627.31
1628.07
1650.27
3059.08
3059.09
3059.12
3059.13
3059.15
3059.20
3126.90
3126.93
3126.99
3127.03
3127.04
3127.11
3161.85
3161.93
3161.97
3161.99
3162.21
3162.22
3230.12
3230.40
3230.48
$end
