
$molecule
 V    -0.033992   0.148773   0.023515
 O     1.073469   1.820371  -0.069122
 O    -1.138240  -1.494409   0.034983
 O    -1.246223   1.002997  -1.284031
 O     1.060929  -0.643608  -1.430260
 O     1.176055  -0.593856   1.386046
 O    -1.110302   0.903327   1.529376
 C    -1.038786   2.010332  -2.026605
 C     1.038456  -1.830963  -1.863756
 C     1.029850   2.747065  -0.919209
 C    -0.921190  -2.586678  -0.567535
 C     0.049858   2.870608  -1.914527
 C     0.119753  -2.809563  -1.471343
 C    -2.082784   2.261007  -3.070936
 C     2.085845  -2.165130  -2.882035
 C     2.107466   3.783579  -0.811164
 C    -1.887469  -3.690504  -0.262855
 C     0.942640  -0.804572   2.616908
 C    -1.108588   0.546384   2.736753
 C    -0.160243  -0.314298   3.309191
 C    -2.192341   1.128330   3.592853
 C     1.974372  -1.619678   3.333270
 H    -1.882493  -3.880679   0.812942
 H     2.074381   4.227576   0.186374
 H    -1.654023  -4.610064  -0.796984
 H     2.010996   4.566618  -1.561517
 H    -2.895701  -3.361887  -0.525460
 H     3.079528   3.295953  -0.914020
 H     1.993142  -1.478996  -3.726942
 H    -2.163859   1.379374  -3.711164
 H     2.012943  -3.191985  -3.236498
 H    -1.861069   3.135298  -3.680815
 H     3.071996  -2.000045  -2.441730
 H    -3.050818   2.392217  -2.581921
 H    -3.161860   0.843865   3.177609
 H     2.939130  -1.111576   3.263865
 H    -2.132046   2.218162   3.551024
 H     2.082162  -2.582585   2.828548
 H    -2.129002   0.799568   4.628901
 H     1.723860  -1.781909   4.380363
 H     0.110682   3.710666  -2.591442
 H     0.197786  -3.788268  -1.923173
 H    -0.245789  -0.541616   4.362234
$end
$temperature
298.15
$end
$mult
 3
$end
$sigma
 1
$end
$pressure
1.00000
$end
$scale
0.983
$end
$msrrho
100
4
1
$end
$freq
9.69
25.55
38.54
42.36
46.70
49.11
73.91
74.76
83.52
96.14
97.65
101.47
127.23
151.98
159.18
161.46
163.81
173.82
178.78
192.79
203.91
212.14
234.14
241.11
248.13
249.69
258.26
302.19
341.57
352.25
414.20
417.44
418.12
447.94
454.64
458.89
559.61
565.73
572.98
577.57
588.09
599.07
665.52
674.57
679.81
683.15
683.86
687.08
785.18
792.92
793.70
963.96
964.38
965.87
967.56
968.69
968.76
1029.82
1031.02
1032.97
1039.47
1040.08
1040.77
1049.52
1050.70
1052.21
1052.45
1052.90
1053.62
1216.65
1217.18
1219.57
1311.58
1312.99
1318.12
1382.51
1383.13
1383.66
1389.20
1389.65
1390.66
1414.68
1433.47
1449.44
1462.53
1462.62
1462.90
1463.47
1463.58
1463.63
1472.78
1473.18
1474.07
1482.33
1491.13
1506.60
1576.06
1576.61
1578.46
1642.43
1648.45
1675.63
3059.72
3059.83
3060.35
3060.73
3061.14
3061.53
3127.57
3127.85
3128.46
3129.11
3130.22
3130.77
3163.11
3163.22
3163.49
3163.56
3163.68
3163.73
3228.38
3229.73
3230.70
$end
