
$molecule
Cr    -0.000004   0.000001  -0.026579
 O     1.115951   1.621524  -0.017299
 O    -1.115957  -1.621524  -0.017303
 O    -1.143998   0.784027  -1.421439
 O     1.143989  -0.784021  -1.421441
 O     1.143947  -0.796532   1.361824
 O    -1.143953   0.796532   1.361826
 C    -1.041223   1.927688  -1.949189
 C     1.041221  -1.927684  -1.949187
 C     0.958783   2.667212  -0.709604
 C    -0.958782  -2.667214  -0.709603
 C    -0.056842   2.871660  -1.646812
 C     0.056846  -2.871661  -1.646808
 C    -2.081963   2.249315  -2.978358
 C     2.081963  -2.249308  -2.978355
 C     1.969575   3.747329  -0.470194
 C    -1.969570  -3.747335  -0.470191
 C     1.016086  -0.698592   2.615312
 C    -1.016090   0.698591   2.615314
 C    -0.000001   0.000000   3.271896
 C    -2.064496   1.406096   3.419090
 C     2.064495  -1.406097   3.419085
 H    -1.947579  -4.027485   0.585411
 H     1.947585   4.027481   0.585407
 H    -1.791478  -4.628156  -1.084762
 H     1.791488   4.628149  -1.084768
 H    -2.966587  -3.352139  -0.677393
 H     2.966590   3.352128  -0.677395
 H     2.038158  -1.502199  -3.774102
 H    -2.038164   1.502201  -3.774101
 H     1.954201  -3.243028  -3.404298
 H    -1.954194   3.243031  -3.404306
 H     3.069985  -2.172012  -2.519007
 H    -3.069985   2.172028  -2.519008
 H    -3.043894   0.998143   3.158675
 H     3.043891  -0.998145   3.158668
 H    -2.072766   2.462954   3.143448
 H     2.072763  -2.462955   3.143443
 H    -1.903717   1.309439   4.491499
 H     1.903718  -1.309440   4.491495
 H    -0.079877   3.815257  -2.172636
 H     0.079886  -3.815260  -2.172628
 H     0.000000   0.000000   4.352364
$end
$temperature
298.15
$end
$mult
 4
$end
$sigma
 2
$end
$pressure
1.00000
$end
$scale
0.983
$end
$msrrho
100
4
1
$end
$freq
19.63
20.28
32.74
49.21
49.21
49.64
78.63
78.74
79.19
89.68
89.92
91.24
159.05
160.82
161.12
170.10
171.30
181.03
220.23
221.18
225.55
237.00
237.55
248.00
250.57
250.73
265.34
347.28
355.89
356.20
421.56
421.62
421.91
453.05
453.23
573.28
574.37
574.63
576.22
589.78
589.96
603.86
681.78
681.92
681.96
683.14
683.19
785.58
785.78
785.79
808.15
965.63
965.66
966.50
970.11
971.02
971.04
1034.22
1034.29
1034.52
1039.80
1040.33
1040.34
1051.63
1051.67
1052.56
1052.59
1052.92
1104.16
1220.66
1220.76
1221.31
1313.19
1313.23
1321.81
1383.21
1383.63
1383.63
1389.74
1389.76
1392.15
1447.40
1447.46
1450.67
1462.80
1462.81
1463.07
1463.52
1463.55
1463.62
1473.46
1473.47
1474.54
1508.38
1508.42
1508.92
1576.86
1576.87
1577.98
1651.08
1651.14
1682.42
3061.48
3061.50
3061.51
3061.56
3061.57
3061.60
3130.26
3130.27
3130.29
3130.40
3130.41
3130.41
3164.41
3164.42
3164.55
3164.61
3164.68
3164.68
3231.50
3231.54
3231.67
$end
