
$molecule
Mn    -0.023430   0.214299  -0.168123
 O     1.112788   1.774924  -0.191760
 O    -1.136857  -1.351537  -0.142369
 O    -1.185658   1.017112  -1.482091
 O     1.134292  -0.737782  -1.704342
 O     1.119601  -0.585104   1.151033
 O    -1.185138   1.027133   1.444720
 C    -1.082789   2.156495  -2.023423
 C     1.149031  -1.971068  -1.896854
 C     0.971560   2.833308  -0.871323
 C    -0.847016  -2.529439  -0.538576
 C    -0.066614   3.076532  -1.769238
 C     0.229315  -2.885324  -1.334386
 C    -2.163260   2.488623  -3.004147
 C     2.223934  -2.500588  -2.804771
 C     2.030053   3.868745  -0.654287
 C    -1.809278  -3.580736  -0.074267
 C     0.881940  -0.801941   2.385646
 C    -1.143722   0.607367   2.619344
 C    -0.179443  -0.297669   3.118627
 C    -2.197864   1.123017   3.559216
 C     1.893822  -1.684327   3.052358
 H    -1.823778  -3.590787   1.018352
 H     2.048231   4.140920   0.403365
 H    -1.551739  -4.571356  -0.445391
 H     1.868697   4.759479  -1.258708
 H    -2.815656  -3.315928  -0.406313
 H     3.003634   3.434530  -0.892134
 H     2.184309  -1.963298  -3.754493
 H    -2.175656   1.729186  -3.789001
 H     2.137920  -3.571218  -2.985365
 H    -2.031098   3.473236  -3.448913
 H     3.196360  -2.286706  -2.354453
 H    -3.128610   2.441917  -2.495239
 H    -3.177860   0.815135   3.186793
 H     2.882541  -1.230404   2.953070
 H    -2.178817   2.214772   3.550087
 H     1.927258  -2.644356   2.531736
 H    -2.069784   0.763221   4.579217
 H     1.672079  -1.846433   4.105875
 H    -0.083229   4.020208  -2.294130
 H     0.339103  -3.931149  -1.584329
 H    -0.241976  -0.578720   4.160431
$end
$temperature
298.15
$end
$mult
 5
$end
$sigma
 1
$end
$pressure
1.00000
$end
$scale
0.983
$end
$msrrho
100
4
1
$end
$freq
16.23
17.71
31.70
41.98
43.65
45.18
56.65
57.84
81.67
92.39
108.75
108.89
125.96
144.79
153.70
159.56
163.18
164.77
169.96
173.58
185.13
193.40
197.40
230.57
237.63
253.70
268.27
277.21
338.14
341.43
409.56
410.77
415.65
429.73
447.30
466.12
555.53
563.29
571.60
575.42
581.87
607.64
668.56
670.90
680.44
683.72
683.89
688.72
788.24
788.31
789.54
956.48
957.03
962.19
964.14
971.21
971.52
1031.78
1032.12
1034.76
1038.33
1038.74
1041.24
1044.59
1047.22
1051.94
1052.95
1053.50
1056.71
1216.43
1219.84
1220.56
1295.00
1299.60
1320.77
1379.64
1379.83
1383.65
1386.70
1388.31
1390.21
1430.64
1447.36
1452.30
1461.69
1461.94
1462.05
1462.67
1464.03
1464.18
1470.51
1471.00
1473.17
1487.50
1509.08
1511.04
1566.64
1567.54
1578.84
1651.60
1669.95
1690.65
3058.93
3059.05
3060.14
3060.37
3063.32
3063.42
3126.84
3126.94
3131.06
3131.34
3132.76
3132.94
3159.91
3159.96
3163.20
3163.38
3167.84
3167.96
3226.30
3226.42
3238.80
$end
