
$molecule
Fe     0.000111   0.000151   0.181181
 O     1.056882   1.695234   0.066838
 O    -1.056661  -1.694972   0.067088
 O    -1.202232   0.788515  -1.226116
 O     1.202334  -0.788295  -1.226168
 O     1.203820  -0.668482   1.625827
 O    -1.203584   0.668827   1.625806
 C    -0.993461   1.783356  -1.974393
 C     0.993511  -1.783202  -1.974348
 C     1.028328   2.589698  -0.824310
 C    -1.028136  -2.589545  -0.823954
 C     0.079412   2.669957  -1.846472
 C    -0.079306  -2.669859  -1.846211
 C    -2.004496   1.998644  -3.060894
 C     2.004413  -1.998505  -3.060982
 C     2.104094   3.629661  -0.730511
 C    -2.103865  -3.629532  -0.729929
 C     1.076863  -0.595498   2.880175
 C    -1.076954   0.595299   2.880154
 C    -0.000140  -0.000265   3.541507
 C    -2.188880   1.207121   3.678294
 C     2.188640  -1.207493   3.678372
 H    -2.056133  -4.103644   0.252977
 H     2.056289   4.104084   0.252247
 H    -2.020307  -4.388926  -1.505854
 H     2.020609   4.388819  -1.506673
 H    -3.076789  -3.137840  -0.802640
 H     3.076993   3.137914  -0.802992
 H     2.046641  -1.105305  -3.688572
 H    -2.046843   1.105418  -3.688442
 H     1.777883  -2.867277  -3.677180
 H    -1.777997   2.867389  -3.677145
 H     2.991120  -2.119375  -2.608013
 H    -2.991140   2.119575  -2.607804
 H    -3.128601   0.721058   3.406226
 H     3.128392  -0.721257   3.406706
 H    -2.282230   2.261270   3.407309
 H     2.282120  -2.261528   3.407031
 H    -2.030173   1.119351   4.751958
 H     2.029652  -1.120113   4.752025
 H     0.152634   3.488448  -2.548255
 H    -0.152561  -3.488416  -2.547912
 H    -0.000255  -0.000464   4.622043
$end
$temperature
298.15
$end
$mult
 6
$end
$sigma
 1
$end
$pressure
1.00000
$end
$scale
0.983
$end
$msrrho
100
4
1
$end
$freq
14.77
16.18
27.42
40.66
41.85
45.00
83.11
83.52
83.84
94.19
94.34
95.65
128.87
142.84
155.67
157.03
157.42
157.99
166.04
183.22
191.54
200.82
212.34
212.88
248.35
249.80
253.61
271.75
302.57
304.56
410.06
411.86
416.13
436.39
442.04
447.96
547.46
549.22
556.48
573.74
575.49
576.25
669.85
672.08
675.03
676.85
679.32
680.87
786.94
787.76
787.81
964.05
964.20
964.94
965.36
965.39
966.57
1030.39
1030.57
1031.26
1039.74
1040.52
1040.59
1047.85
1047.88
1051.42
1052.24
1052.61
1052.87
1216.68
1216.73
1217.92
1308.36
1309.04
1313.78
1381.69
1382.08
1382.21
1387.55
1387.89
1388.31
1439.58
1439.80
1448.88
1462.55
1462.58
1462.80
1463.29
1463.34
1463.37
1472.37
1472.46
1473.27
1496.86
1497.01
1505.75
1576.06
1576.46
1577.72
1652.03
1652.76
1682.92
3060.41
3060.42
3060.62
3060.65
3060.87
3060.93
3129.62
3129.68
3130.04
3130.07
3130.17
3130.27
3162.35
3162.41
3162.73
3162.75
3163.09
3163.19
3230.70
3230.77
3231.76
$end
