---------------------------------------------------------------------
Results for m2_00_Tiacac3-PBE0_all_tmp.all 

Average dfH = -372.0 

Uncertainty = 8.83
Computational contribution = 6.21
Experimental contribution = 6.27
---------------------------------------------------------------------
Number of reactions with all coeficients ≤  10 : 42  of  42
Parameters:
h1 = 5.31 
h2 = 59.65 

Summ of all weights = 9.65
---------------------------------------------------------------------
Average values and MSE of reaction characteristics:

                      Mean       St dev
          dfH      -372.00         3.11
     drE_corr       -24.33        28.88
    n+dn_priv         7.03         2.10
          drH        38.67        73.91
         ddrH        -1.58         2.67
          drE        40.26        75.48
      drE_CBS        41.00        78.12
       drE_IT        -1.25         1.14
       drE_CV         0.63         1.66
       drE_SR        -0.69         1.33
   drE_HF_CBS        64.59        79.33
          u/2         3.14         0.68


---------------------------------------------------------------------
42 reactions with the best weights:
---------------------------------------------------------------------
      weight      dfH  drE_corr  dn  n+|dn|       u      drH   ddrH      drE  drE_CBS  drE_CV  drE_IT  drE_TPNO  drE_SR  drE_HF_CBS  drE_HF_TZ  drE_HF_QZ                                            reaction
36  1.000000 -372.082    10.237   4     4.0   5.903   16.682  0.256   16.426   15.543   0.278   0.207     0.476  -0.078       6.189      7.161      6.545                        TiO6C15H21+VO->TiO+VO6C15H21
27  0.782391 -376.375   -47.877  11     6.0   4.572  -34.795  0.079  -34.874  -37.601   2.347  -1.951     1.842   0.489      13.003     12.548     12.836      2TiO6C15H21+2ClH+2ScCl3->H2+2TiCl4+2ScO6C15H21
28  0.705944 -367.612   -21.654  13     7.0   5.692   -3.478 -3.262   -0.216    3.135  -0.646  -1.348     0.928  -2.285      21.438     20.426     21.068      2TiO6C15H21+2OH2+2ScF->H2+2FH+2TiO+2ScO6C15H21
12  0.595785 -372.817   -30.324  11     6.0   6.354  -10.253 -0.015  -10.238  -12.072   1.602  -1.783     1.938   0.077      20.086     20.747     20.328      2TiO6C15H21+2ClH+2FeCl3->H2+2TiCl4+2FeO6C15H21
6   0.583186 -371.553   -41.388  13     7.0   5.258   57.416 -3.344   60.760   63.695  -0.227  -1.818     0.145  -1.035     102.148    102.108    102.134    2TiO6C15H21+2OH2+2CrCl->H2+2ClH+2TiO+2CrO6C15H21
37  0.557276 -367.591     9.097   4     4.0   7.932    0.891  0.286    0.605    0.886  -0.743   0.641     0.990  -1.169      -8.492     -7.610     -8.170                      TiO6C15H21+VO2->TiO2+VO6C15H21
13  0.472433 -372.124   -13.998  13     7.0   7.230   93.387 -4.493   97.880  100.866   0.059  -1.233    -0.698  -1.114     111.878    113.673    112.535    2TiO6C15H21+2OH2+2FeCl->H2+2ClH+2TiO+2FeO6C15H21
9   0.459684 -372.937     1.464   7     8.0   6.654  149.970 -3.945  153.915  157.257  -0.738  -1.075    -0.572  -0.957     152.451    154.330    153.139           TiO6C15H21+OH2+FeCl2->2ClH+TiO+FeO6C15H21
19  0.447777 -369.726   -35.595   7     8.0   5.644  168.059 -3.756  171.815  175.499   0.559  -2.001    -1.091  -1.151     207.410    208.520    207.816           TiO6C15H21+OH2+MnCl2->2ClH+TiO+MnO6C15H21
10  0.403668 -378.540   -28.846   7     8.0   6.319  -10.200 -0.512   -9.688  -13.430   3.239  -1.877     0.532   1.848      19.158     20.883     19.789          TiO6C15H21+2ClH+FeCl2->H2+TiCl4+FeO6C15H21
22  0.371188 -373.033   -50.741  13     7.0   5.839  115.196 -4.346  119.542  123.152   1.069  -2.126    -1.175  -1.378     170.283    171.153    170.602    2TiO6C15H21+2OH2+2MnCl->H2+2ClH+2TiO+2MnO6C15H21
31  0.364241 -370.772   -17.566  17    10.0   5.025  125.375 -3.354  128.729  133.085  -1.630  -1.148     0.738  -2.316     146.295    145.995    146.185   2TiO6C15H21+H2+2OH2+2ScCl3->6ClH+2TiO+2ScO6C15H21
21  0.333532 -372.014   -48.988  13     7.0   6.313  106.524 -2.949  109.473  113.049   1.121  -2.082    -1.099  -1.516     158.461    159.245    158.748      2TiO6C15H21+2OH2+2MnF->H2+2FH+2TiO+2MnO6C15H21
30  0.307129 -370.101   -13.276  17    10.0   5.575  137.645  0.347  137.298  138.810   0.318  -1.135     1.356  -2.051     150.574    151.600    150.949     2TiO6C15H21+H2+2OH2+2ScF3->6FH+2TiO+2ScO6C15H21
3   0.286294 -370.041    -2.761   4     4.0  11.184    8.841  1.376    7.465    6.455  -0.266   0.173     2.078  -0.975      10.226     11.498     10.692                      TiO6C15H21+CrO->TiO+CrO6C15H21
38  0.266511 -372.336   -51.148   6     6.0   7.485   -9.971 -4.653   -5.318   -3.554  -0.020  -1.870     0.564  -0.438      45.830     45.004     45.528                TiO6C15H21+OH2+VO->H2+TiO2+VO6C15H21
15  0.224317 -367.214    -0.013  17    10.0   6.687  149.917 -3.449  153.366  158.616  -2.376  -0.980     0.834  -2.728     153.379    154.194    153.677   2TiO6C15H21+H2+2OH2+2FeCl3->6ClH+2TiO+2FeO6C15H21
18  0.218463 -375.329   -65.906   7     8.0   5.244    7.889 -0.323    8.212    4.811   4.537  -2.804     0.014   1.654      74.118     75.073     74.467          TiO6C15H21+2ClH+MnCl2->H2+TiCl4+MnO6C15H21
39  0.184698 -367.336    70.482   6     6.0   6.461   27.543  5.194   22.349   19.984  -0.446   2.718     0.902  -0.809     -48.133    -45.453    -47.153                TiO6C15H21+H2+VO2->OH2+TiO+VO6C15H21
16  0.120530 -377.727   -44.309  17    10.0   6.923  -66.783 -1.060  -65.723  -69.820   4.036  -2.036     0.406   1.691     -21.414    -19.773    -20.814      2TiO6C15H21+6ClH+2FeCl->3H2+2TiCl4+2FeO6C15H21
41  0.108943 -377.685   -20.074  10    12.0   5.523 -143.488  3.689 -147.177 -155.144   4.256  -0.596     1.580   2.727    -127.103   -126.285   -126.804          TiO6C15H21+4ClH+VO->H2+OH2+TiCl4+VO6C15H21
8   0.101505 -377.156   -71.699  17    10.0   4.827 -102.754  0.090 -102.844 -106.994   3.751  -2.621     1.250   1.770     -31.145    -31.339    -31.216      2TiO6C15H21+6ClH+2CrCl->3H2+2TiCl4+2CrO6C15H21
34  0.081632 -375.704   -43.587  23    12.0   5.170  -22.525  3.781  -26.306  -31.878   4.296  -1.938     2.460   0.754      17.281     18.154     17.600   2TiO6C15H21+8ClH+2ScF3->H2+6FH+2TiCl4+2ScO6C15H21
1   0.067120 -366.542   -67.248  17    10.0   6.475  143.345 -1.906  145.251  156.164  -2.791  -2.105    -0.356  -5.661     212.499    211.412    212.101   2TiO6C15H21+H2+2OH2+2CoCl3->6ClH+2TiO+2CoO6C15H21
4   0.066995 -370.295   -64.146   6     6.0  12.094  -17.812 -3.532  -14.280  -12.644  -0.564  -1.904     2.166  -1.334      49.866     49.341     49.675              TiO6C15H21+OH2+CrO->H2+TiO2+CrO6C15H21
40  0.063236 -372.939    40.172  10    12.0   6.115 -132.627  8.628 -141.255 -150.704   3.532   1.915     2.006   1.996    -181.427   -178.900   -180.502           TiO6C15H21+4ClH+VO2->2OH2+TiCl4+VO6C15H21
35  0.062120 -373.214   -51.965  21    12.0   5.296 -163.649  0.171 -163.820 -167.553   3.332  -2.150     2.032   0.519    -111.855   -113.020   -112.281   2TiO6C15H21+8ClH+2ScF->3H2+2FH+2TiCl4+2ScO6C15H21
0   0.057116 -372.145   -97.559  11     6.0   6.130  -16.825  1.528  -18.353  -14.526   1.187  -2.907     0.749  -2.856      79.206     77.965     78.752      2TiO6C15H21+2ClH+2CoCl3->H2+2TiCl4+2CoO6C15H21
11  0.055868 -373.192   -59.921   9    10.0   8.090  123.318 -8.853  132.171  138.158  -1.036  -3.151    -0.484  -1.316     192.092    192.173    192.122      TiO6C15H21+2OH2+FeCl2->H2+2ClH+TiO2+FeO6C15H21
25  0.053233 -378.636   -81.052  17    10.0   5.453  -44.974 -0.913  -44.061  -47.535   5.047  -2.929    -0.071   1.427      36.991     37.707     37.253      2TiO6C15H21+6ClH+2MnCl->3H2+2TiCl4+2MnO6C15H21
14  0.040823 -372.378   -75.383  17     9.0   8.570   66.734 -9.402   76.136   81.769  -0.239  -3.310    -0.610  -1.474     151.519    151.517    151.518  2TiO6C15H21+4OH2+2FeCl->3H2+2ClH+2TiO2+2FeO6C15H21
29  0.039803 -367.866   -83.039  17     9.0   7.319  -30.131 -8.171  -21.960  -15.963  -0.944  -3.424     1.016  -2.645      61.079     58.269     60.051    2TiO6C15H21+4OH2+2ScF->3H2+2FH+2TiO2+2ScO6C15H21
17  0.033303 -367.468   -61.398  19    11.0   8.117  123.264 -8.357  131.621  139.518  -2.674  -3.057     0.922  -3.088     193.019    192.037    192.660  2TiO6C15H21+4OH2+2FeCl3->H2+6ClH+2TiO2+2FeO6C15H21
33  0.025291 -370.355   -74.661  19    11.0   7.228  110.992 -4.561  115.553  119.712   0.020  -3.212     1.444  -2.411     190.214    189.444    189.932    2TiO6C15H21+4OH2+2ScF3->H2+6FH+2TiO2+2ScO6C15H21
32  0.023654 -371.026   -78.951  19    11.0   6.813   98.722 -8.263  106.985  113.988  -1.928  -3.225     0.826  -2.676     185.936    183.838    185.168  2TiO6C15H21+4OH2+2ScCl3->H2+6ClH+2TiO2+2ScO6C15H21
5   0.022667 -375.644   -33.072  10    12.0  10.988 -151.329  4.810 -156.139 -164.233   3.712  -0.630     3.182   1.830    -123.067   -121.949   -122.658        TiO6C15H21+4ClH+CrO->H2+OH2+TiCl4+CrO6C15H21
26  0.017906 -377.616   -79.298  21    12.0   5.958  -53.647  0.485  -54.132  -57.641   5.099  -2.885     0.006   1.289      25.166     25.799     25.398   2TiO6C15H21+8ClH+2MnF->3H2+2FH+2TiCl4+2MnO6C15H21
7   0.015583 -371.808  -102.773  17     9.0   6.987   30.764 -8.252   39.016   44.597  -0.525  -3.895     0.233  -1.394     141.789    139.951    141.117  2TiO6C15H21+4OH2+2CrCl->3H2+2ClH+2TiO2+2CrO6C15H21
20  0.013457 -369.980   -96.980   9    10.0   7.281  141.406 -8.665  150.071  156.401   0.262  -4.078    -1.003  -1.511     247.051    246.363    246.799      TiO6C15H21+2OH2+MnCl2->H2+2ClH+TiO2+MnO6C15H21
23  0.007907 -372.268  -110.373  17     9.0   7.812   79.871 -7.857   87.728   93.951   0.823  -4.159    -1.011  -1.876     198.101    197.089    197.731    2TiO6C15H21+4OH2+2MnF->3H2+2FH+2TiO2+2MnO6C15H21
24  0.007825 -373.288  -112.126  17     9.0   7.434   88.544 -9.255   97.799  104.056   0.771  -4.203    -1.087  -1.738     209.925    208.996    209.585  2TiO6C15H21+4OH2+2MnCl->3H2+2ClH+2TiO2+2MnO6C15H21
2   0.000959 -366.797  -128.633  19    11.0   7.944  116.693 -6.814  123.507  137.065  -3.089  -4.181    -0.268  -6.020     252.140    249.255    251.084  2TiO6C15H21+4OH2+2CoCl3->H2+6ClH+2TiO2+2CoO6C15H21




---------------------------------------------------------------------
10 reactions with the worst weights:
---------------------------------------------------------------------
      weight      dfH  drE_corr  dn  n+|dn|       u      drH   ddrH      drE  drE_CBS  drE_CV  drE_IT  drE_TPNO  drE_SR  drE_HF_CBS  drE_HF_TZ  drE_HF_QZ                                            reaction
2   0.000959 -366.797  -128.633  19    11.0   7.944  116.693 -6.814  123.507  137.065  -3.089  -4.181    -0.268  -6.020     252.140    249.255    251.084  2TiO6C15H21+4OH2+2CoCl3->H2+6ClH+2TiO2+2CoO6C15H21
24  0.007825 -373.288  -112.126  17     9.0   7.434   88.544 -9.255   97.799  104.056   0.771  -4.203    -1.087  -1.738     209.925    208.996    209.585  2TiO6C15H21+4OH2+2MnCl->3H2+2ClH+2TiO2+2MnO6C15H21
23  0.007907 -372.268  -110.373  17     9.0   7.812   79.871 -7.857   87.728   93.951   0.823  -4.159    -1.011  -1.876     198.101    197.089    197.731    2TiO6C15H21+4OH2+2MnF->3H2+2FH+2TiO2+2MnO6C15H21
20  0.013457 -369.980   -96.980   9    10.0   7.281  141.406 -8.665  150.071  156.401   0.262  -4.078    -1.003  -1.511     247.051    246.363    246.799      TiO6C15H21+2OH2+MnCl2->H2+2ClH+TiO2+MnO6C15H21
7   0.015583 -371.808  -102.773  17     9.0   6.987   30.764 -8.252   39.016   44.597  -0.525  -3.895     0.233  -1.394     141.789    139.951    141.117  2TiO6C15H21+4OH2+2CrCl->3H2+2ClH+2TiO2+2CrO6C15H21
26  0.017906 -377.616   -79.298  21    12.0   5.958  -53.647  0.485  -54.132  -57.641   5.099  -2.885     0.006   1.289      25.166     25.799     25.398   2TiO6C15H21+8ClH+2MnF->3H2+2FH+2TiCl4+2MnO6C15H21
5   0.022667 -375.644   -33.072  10    12.0  10.988 -151.329  4.810 -156.139 -164.233   3.712  -0.630     3.182   1.830    -123.067   -121.949   -122.658        TiO6C15H21+4ClH+CrO->H2+OH2+TiCl4+CrO6C15H21
32  0.023654 -371.026   -78.951  19    11.0   6.813   98.722 -8.263  106.985  113.988  -1.928  -3.225     0.826  -2.676     185.936    183.838    185.168  2TiO6C15H21+4OH2+2ScCl3->H2+6ClH+2TiO2+2ScO6C15H21
33  0.025291 -370.355   -74.661  19    11.0   7.228  110.992 -4.561  115.553  119.712   0.020  -3.212     1.444  -2.411     190.214    189.444    189.932    2TiO6C15H21+4OH2+2ScF3->H2+6FH+2TiO2+2ScO6C15H21
17  0.033303 -367.468   -61.398  19    11.0   8.117  123.264 -8.357  131.621  139.518  -2.674  -3.057     0.922  -3.088     193.019    192.037    192.660  2TiO6C15H21+4OH2+2FeCl3->H2+6ClH+2TiO2+2FeO6C15H21




---------------------------------------------------------------------
10 reactions with the worst dHf:
---------------------------------------------------------------------
      weight      dfH  drE_corr  dn  n+|dn|       u      drH   ddrH      drE  drE_CBS  drE_CV  drE_IT  drE_TPNO  drE_SR  drE_HF_CBS  drE_HF_TZ  drE_HF_QZ                                           reaction
25  0.053233 -378.636   -81.052  17    10.0   5.453  -44.974 -0.913  -44.061  -47.535   5.047  -2.929    -0.071   1.427      36.991     37.707     37.253     2TiO6C15H21+6ClH+2MnCl->3H2+2TiCl4+2MnO6C15H21
10  0.403668 -378.540   -28.846   7     8.0   6.319  -10.200 -0.512   -9.688  -13.430   3.239  -1.877     0.532   1.848      19.158     20.883     19.789         TiO6C15H21+2ClH+FeCl2->H2+TiCl4+FeO6C15H21
16  0.120530 -377.727   -44.309  17    10.0   6.923  -66.783 -1.060  -65.723  -69.820   4.036  -2.036     0.406   1.691     -21.414    -19.773    -20.814     2TiO6C15H21+6ClH+2FeCl->3H2+2TiCl4+2FeO6C15H21
41  0.108943 -377.685   -20.074  10    12.0   5.523 -143.488  3.689 -147.177 -155.144   4.256  -0.596     1.580   2.727    -127.103   -126.285   -126.804         TiO6C15H21+4ClH+VO->H2+OH2+TiCl4+VO6C15H21
26  0.017906 -377.616   -79.298  21    12.0   5.958  -53.647  0.485  -54.132  -57.641   5.099  -2.885     0.006   1.289      25.166     25.799     25.398  2TiO6C15H21+8ClH+2MnF->3H2+2FH+2TiCl4+2MnO6C15H21
8   0.101505 -377.156   -71.699  17    10.0   4.827 -102.754  0.090 -102.844 -106.994   3.751  -2.621     1.250   1.770     -31.145    -31.339    -31.216     2TiO6C15H21+6ClH+2CrCl->3H2+2TiCl4+2CrO6C15H21
27  0.782391 -376.375   -47.877  11     6.0   4.572  -34.795  0.079  -34.874  -37.601   2.347  -1.951     1.842   0.489      13.003     12.548     12.836     2TiO6C15H21+2ClH+2ScCl3->H2+2TiCl4+2ScO6C15H21
34  0.081632 -375.704   -43.587  23    12.0   5.170  -22.525  3.781  -26.306  -31.878   4.296  -1.938     2.460   0.754      17.281     18.154     17.600  2TiO6C15H21+8ClH+2ScF3->H2+6FH+2TiCl4+2ScO6C15H21
5   0.022667 -375.644   -33.072  10    12.0  10.988 -151.329  4.810 -156.139 -164.233   3.712  -0.630     3.182   1.830    -123.067   -121.949   -122.658       TiO6C15H21+4ClH+CrO->H2+OH2+TiCl4+CrO6C15H21
18  0.218463 -375.329   -65.906   7     8.0   5.244    7.889 -0.323    8.212    4.811   4.537  -2.804     0.014   1.654      74.118     75.073     74.467         TiO6C15H21+2ClH+MnCl2->H2+TiCl4+MnO6C15H21
