---------------------------------------------------------------------
Results for m3_00_Vacac3-PBE0_all_tmp.all 

Average dfH = -337.35 

Uncertainty = 8.87
Computational contribution = 5.93
Experimental contribution = 6.59
---------------------------------------------------------------------
Number of reactions with all coeficients ≤  10 : 30  of  30
Parameters:
h1 = 5.16 
h2 = 69.79 

Summ of all weights = 8.03
---------------------------------------------------------------------
Average values and MSE of reaction characteristics:

                      Mean       St dev
          dfH      -337.35         2.97
     drE_corr       -30.19        30.07
    n+dn_priv         6.96         2.12
          drH        52.79        63.31
         ddrH        -2.78         2.80
          drE        55.57        64.51
      drE_CBS        58.78        66.11
       drE_IT        -1.39         1.21
       drE_CV        -0.37         1.01
       drE_SR        -0.93         1.14
   drE_HF_CBS        85.76        76.62
          u/2         3.30         0.71


---------------------------------------------------------------------
30 reactions with the best weights:
---------------------------------------------------------------------
      weight      dfH  drE_corr  dn  n+|dn|       u      drH   ddrH      drE  drE_CBS  drE_CV  drE_IT  drE_TPNO  drE_SR  drE_HF_CBS  drE_HF_TZ  drE_HF_QZ                                          reaction
24  1.000000 -338.518   -10.237   4     4.0   6.429  -16.682 -0.256  -16.426  -15.543  -0.278  -0.207    -0.476   0.078      -6.189     -7.161     -6.545                      VO6C15H21+TiO->VO+TiO6C15H21
18  0.774897 -332.829   -31.891  13     7.0   5.618  -20.161 -3.518  -16.643  -12.410  -0.924  -1.554     0.452  -2.207      15.248     13.265     14.523      2VO6C15H21+2OH2+2ScF->H2+2FH+2VO+2ScO6C15H21
4   0.650347 -336.771   -51.625  13     7.0   5.178   40.734 -3.600   44.334   48.152  -0.505  -2.025    -0.331  -0.957      95.959     94.947     95.588    2VO6C15H21+2OH2+2CrCl->H2+2ClH+2VO+2CrO6C15H21
25  0.598359 -343.009    -9.097   4     4.0   8.330   -0.891 -0.286   -0.605   -0.886   0.743  -0.641    -0.990   1.169       8.492      7.610      8.170                    VO6C15H21+TiO2->VO2+TiO6C15H21
6   0.525216 -338.155    -8.772   7     8.0   6.591  133.288 -4.201  137.489  141.713  -1.016  -1.281    -1.048  -0.879     146.261    147.168    146.593           VO6C15H21+OH2+FeCl2->2ClH+VO+FeO6C15H21
8   0.519323 -337.342   -24.235  13     7.0   7.172   76.705 -4.749   81.454   85.323  -0.219  -1.440    -1.174  -1.036     105.689    106.512    105.990    2VO6C15H21+2OH2+2FeCl->H2+2ClH+2VO+2FeO6C15H21
12  0.485588 -334.943   -45.832   7     8.0   5.569  151.376 -4.012  155.388  159.955   0.281  -2.208    -1.567  -1.073     201.220    201.359    201.271           VO6C15H21+OH2+MnCl2->2ClH+VO+MnO6C15H21
15  0.422496 -338.251   -60.978  13     7.0   5.766   98.514 -4.602  103.116  107.609   0.791  -2.333    -1.651  -1.300     164.094    163.992    164.057    2VO6C15H21+2OH2+2MnCl->H2+2ClH+2VO+2MnO6C15H21
21  0.382730 -335.990   -27.803  17    10.0   4.941  108.693 -3.610  112.303  117.542  -1.908  -1.355     0.262  -2.238     140.106    138.833    139.640   2VO6C15H21+H2+2OH2+2ScCl3->6ClH+2VO+2ScO6C15H21
14  0.375980 -337.231   -59.224  13     7.0   6.246   89.841 -3.205   93.046   97.505   0.843  -2.289    -1.575  -1.438     152.270    152.084    152.202      2VO6C15H21+2OH2+2MnF->H2+2FH+2VO+2MnO6C15H21
26  0.339892 -338.264    51.148   6     6.0   7.906    9.971  4.653    5.318    3.554   0.020   1.870    -0.564   0.438     -45.830    -45.004    -45.528              VO6C15H21+H2+TiO2->OH2+VO+TiO6C15H21
2   0.328285 -335.259   -12.998   4     4.0  11.147   -7.841  1.120   -8.961   -9.088  -0.544  -0.034     1.602  -0.897       4.037      4.337      4.146                      VO6C15H21+CrO->VO+CrO6C15H21
20  0.323282 -335.319   -23.513  17    10.0   5.499  120.963  0.091  120.872  123.267   0.040  -1.342     0.880  -1.973     144.385    144.439    144.404     2VO6C15H21+H2+2OH2+2ScF3->6FH+2VO+2ScO6C15H21
27  0.271879 -343.264   -70.482   6     6.0   6.944  -27.543 -5.194  -22.349  -19.984   0.446  -2.718    -0.902   0.809      48.133     45.453     47.153              VO6C15H21+OH2+TiO->H2+VO2+TiO6C15H21
10  0.244249 -332.432   -10.250  17    10.0   6.624  133.235 -3.705  136.940  143.073  -2.654  -1.187     0.358  -2.650     147.190    147.032    147.132   2VO6C15H21+H2+2OH2+2FeCl3->6ClH+2VO+2FeO6C15H21
29  0.095420 -332.915    20.074  10    12.0   6.081  143.488 -3.689  147.177  155.144  -4.256   0.596    -1.580  -2.727     127.103    126.285    126.804        VO6C15H21+H2+OH2+TiCl4->4ClH+VO+TiO6C15H21
3   0.092138 -340.005   -73.244   6     6.0  11.452  -18.702 -3.818  -14.884  -13.528   0.179  -2.545     1.176  -0.166      58.360     56.952     57.844              VO6C15H21+OH2+CrO->H2+VO2+CrO6C15H21
7   0.081840 -342.901   -69.018   9    10.0   7.094  122.427 -9.139  131.566  137.273  -0.293  -3.792    -1.474  -0.148     200.584    199.783    200.291      VO6C15H21+2OH2+FeCl2->H2+2ClH+VO2+FeO6C15H21
19  0.075297 -337.575   -92.136  17     9.0   6.201  -31.022 -8.457  -22.565  -16.850  -0.200  -4.065     0.026  -1.476      69.571     65.880     68.220    2VO6C15H21+4OH2+2ScF->3H2+2FH+2VO2+2ScO6C15H21
0   0.070868 -331.760   -77.485  17    10.0   6.712  126.663 -2.162  128.825  140.620  -3.069  -2.311    -0.832  -5.583     206.310    204.250    205.556   2VO6C15H21+H2+2OH2+2CoCl3->6ClH+2VO+2CoO6C15H21
9   0.065526 -342.088   -84.480  17     9.0   7.637   65.844 -9.688   75.532   80.884   0.504  -3.951    -1.600  -0.305     160.012    159.127    159.688  2VO6C15H21+4OH2+2FeCl->3H2+2ClH+2VO2+2FeO6C15H21
28  0.062737 -337.661   -40.172  10    12.0   6.623  132.627 -8.628  141.255  150.704  -3.532  -1.915    -2.006  -1.996     181.427    178.900    180.502         VO6C15H21+2OH2+TiCl4->4ClH+VO2+TiO6C15H21
11  0.047767 -337.178   -70.495  19    11.0   7.125  122.374 -8.643  131.017  138.632  -1.930  -3.698    -0.068  -1.919     201.512    199.647    200.830  2VO6C15H21+4OH2+2FeCl3->H2+6ClH+2VO2+2FeO6C15H21
23  0.043749 -340.735   -88.049  19    11.0   5.595   97.831 -8.549  106.380  113.102  -1.185  -3.866    -0.164  -1.507     194.429    191.448    193.338  2VO6C15H21+4OH2+2ScCl3->H2+6ClH+2VO2+2ScO6C15H21
22  0.042917 -340.065   -83.758  19    11.0   6.093  110.102 -4.847  114.949  118.825   0.764  -3.852     0.454  -1.242     198.707    197.054    198.102    2VO6C15H21+4OH2+2ScF3->H2+6FH+2VO2+2ScO6C15H21
5   0.037598 -341.517  -111.870  17     9.0   5.805   29.873 -8.538   38.411   43.712   0.218  -4.536    -0.757  -0.226     150.281    147.562    149.286  2VO6C15H21+4OH2+2CrCl->3H2+2ClH+2VO2+2CrO6C15H21
13  0.028683 -339.689  -106.077   9    10.0   6.156  140.515 -8.951  149.466  155.514   1.005  -4.718    -1.993  -0.342     255.543    253.974    254.969      VO6C15H21+2OH2+MnCl2->H2+2ClH+VO2+MnO6C15H21
17  0.020173 -342.997  -121.223  17     9.0   6.336   87.653 -9.541   97.194  103.170   1.514  -4.844    -2.077  -0.569     218.417    216.607    217.754  2VO6C15H21+4OH2+2MnCl->3H2+2ClH+2VO2+2MnO6C15H21
16  0.019240 -341.977  -119.470  17     9.0   6.775   78.980 -8.143   87.123   93.064   1.567  -4.800    -2.001  -0.707     206.593    204.699    205.900    2VO6C15H21+4OH2+2MnF->3H2+2FH+2VO2+2MnO6C15H21
1   0.002636 -336.506  -137.730  19    11.0   7.207  115.802 -7.100  122.902  136.179  -2.345  -4.822    -1.258  -4.852     260.632    256.865    259.254  2VO6C15H21+4OH2+2CoCl3->H2+6ClH+2VO2+2CoO6C15H21




---------------------------------------------------------------------
10 reactions with the worst weights:
---------------------------------------------------------------------
      weight      dfH  drE_corr  dn  n+|dn|      u      drH   ddrH      drE  drE_CBS  drE_CV  drE_IT  drE_TPNO  drE_SR  drE_HF_CBS  drE_HF_TZ  drE_HF_QZ                                          reaction
1   0.002636 -336.506  -137.730  19    11.0  7.207  115.802 -7.100  122.902  136.179  -2.345  -4.822    -1.258  -4.852     260.632    256.865    259.254  2VO6C15H21+4OH2+2CoCl3->H2+6ClH+2VO2+2CoO6C15H21
16  0.019240 -341.977  -119.470  17     9.0  6.775   78.980 -8.143   87.123   93.064   1.567  -4.800    -2.001  -0.707     206.593    204.699    205.900    2VO6C15H21+4OH2+2MnF->3H2+2FH+2VO2+2MnO6C15H21
17  0.020173 -342.997  -121.223  17     9.0  6.336   87.653 -9.541   97.194  103.170   1.514  -4.844    -2.077  -0.569     218.417    216.607    217.754  2VO6C15H21+4OH2+2MnCl->3H2+2ClH+2VO2+2MnO6C15H21
13  0.028683 -339.689  -106.077   9    10.0  6.156  140.515 -8.951  149.466  155.514   1.005  -4.718    -1.993  -0.342     255.543    253.974    254.969      VO6C15H21+2OH2+MnCl2->H2+2ClH+VO2+MnO6C15H21
5   0.037598 -341.517  -111.870  17     9.0  5.805   29.873 -8.538   38.411   43.712   0.218  -4.536    -0.757  -0.226     150.281    147.562    149.286  2VO6C15H21+4OH2+2CrCl->3H2+2ClH+2VO2+2CrO6C15H21
22  0.042917 -340.065   -83.758  19    11.0  6.093  110.102 -4.847  114.949  118.825   0.764  -3.852     0.454  -1.242     198.707    197.054    198.102    2VO6C15H21+4OH2+2ScF3->H2+6FH+2VO2+2ScO6C15H21
23  0.043749 -340.735   -88.049  19    11.0  5.595   97.831 -8.549  106.380  113.102  -1.185  -3.866    -0.164  -1.507     194.429    191.448    193.338  2VO6C15H21+4OH2+2ScCl3->H2+6ClH+2VO2+2ScO6C15H21
11  0.047767 -337.178   -70.495  19    11.0  7.125  122.374 -8.643  131.017  138.632  -1.930  -3.698    -0.068  -1.919     201.512    199.647    200.830  2VO6C15H21+4OH2+2FeCl3->H2+6ClH+2VO2+2FeO6C15H21
28  0.062737 -337.661   -40.172  10    12.0  6.623  132.627 -8.628  141.255  150.704  -3.532  -1.915    -2.006  -1.996     181.427    178.900    180.502         VO6C15H21+2OH2+TiCl4->4ClH+VO2+TiO6C15H21
9   0.065526 -342.088   -84.480  17     9.0  7.637   65.844 -9.688   75.532   80.884   0.504  -3.951    -1.600  -0.305     160.012    159.127    159.688  2VO6C15H21+4OH2+2FeCl->3H2+2ClH+2VO2+2FeO6C15H21




---------------------------------------------------------------------
10 reactions with the worst dHf:
---------------------------------------------------------------------
      weight      dfH  drE_corr  dn  n+|dn|       u      drH   ddrH      drE  drE_CBS  drE_CV  drE_IT  drE_TPNO  drE_SR  drE_HF_CBS  drE_HF_TZ  drE_HF_QZ                                          reaction
27  0.271879 -343.264   -70.482   6     6.0   6.944  -27.543 -5.194  -22.349  -19.984   0.446  -2.718    -0.902   0.809      48.133     45.453     47.153              VO6C15H21+OH2+TiO->H2+VO2+TiO6C15H21
25  0.598359 -343.009    -9.097   4     4.0   8.330   -0.891 -0.286   -0.605   -0.886   0.743  -0.641    -0.990   1.169       8.492      7.610      8.170                    VO6C15H21+TiO2->VO2+TiO6C15H21
17  0.020173 -342.997  -121.223  17     9.0   6.336   87.653 -9.541   97.194  103.170   1.514  -4.844    -2.077  -0.569     218.417    216.607    217.754  2VO6C15H21+4OH2+2MnCl->3H2+2ClH+2VO2+2MnO6C15H21
7   0.081840 -342.901   -69.018   9    10.0   7.094  122.427 -9.139  131.566  137.273  -0.293  -3.792    -1.474  -0.148     200.584    199.783    200.291      VO6C15H21+2OH2+FeCl2->H2+2ClH+VO2+FeO6C15H21
9   0.065526 -342.088   -84.480  17     9.0   7.637   65.844 -9.688   75.532   80.884   0.504  -3.951    -1.600  -0.305     160.012    159.127    159.688  2VO6C15H21+4OH2+2FeCl->3H2+2ClH+2VO2+2FeO6C15H21
16  0.019240 -341.977  -119.470  17     9.0   6.775   78.980 -8.143   87.123   93.064   1.567  -4.800    -2.001  -0.707     206.593    204.699    205.900    2VO6C15H21+4OH2+2MnF->3H2+2FH+2VO2+2MnO6C15H21
5   0.037598 -341.517  -111.870  17     9.0   5.805   29.873 -8.538   38.411   43.712   0.218  -4.536    -0.757  -0.226     150.281    147.562    149.286  2VO6C15H21+4OH2+2CrCl->3H2+2ClH+2VO2+2CrO6C15H21
23  0.043749 -340.735   -88.049  19    11.0   5.595   97.831 -8.549  106.380  113.102  -1.185  -3.866    -0.164  -1.507     194.429    191.448    193.338  2VO6C15H21+4OH2+2ScCl3->H2+6ClH+2VO2+2ScO6C15H21
22  0.042917 -340.065   -83.758  19    11.0   6.093  110.102 -4.847  114.949  118.825   0.764  -3.852     0.454  -1.242     198.707    197.054    198.102    2VO6C15H21+4OH2+2ScF3->H2+6FH+2VO2+2ScO6C15H21
3   0.092138 -340.005   -73.244   6     6.0  11.452  -18.702 -3.818  -14.884  -13.528   0.179  -2.545     1.176  -0.166      58.360     56.952     57.844              VO6C15H21+OH2+CrO->H2+VO2+CrO6C15H21
