---------------------------------------------------------------------
Results for m1_00_Scacac3-PBE0_all_tmp.all 

Average dfH = -413.17 

Uncertainty = 8.59
Computational contribution = 5.74
Experimental contribution = 6.39
---------------------------------------------------------------------
Number of reactions with all coeficients ≤  10 : 42  of  42
Parameters:
h1 = 5.11 
h2 = 40.82 

Summ of all weights = 12.75
---------------------------------------------------------------------
Average values and MSE of reaction characteristics:

                      Mean       St dev
          dfH      -413.17         2.87
     drE_corr        -1.37        24.60
    n+dn_priv         7.17         1.96
          drH        24.00        77.47
         ddrH        -0.15         2.06
          drE        24.15        77.80
      drE_CBS        23.78        78.72
       drE_IT         0.03         0.91
       drE_CV         0.62         1.31
       drE_SR         0.96         1.06
   drE_HF_CBS        25.52        85.40
          u/2         3.20         0.56


---------------------------------------------------------------------
42 reactions with the best weights:
---------------------------------------------------------------------
      weight      dfH  drE_corr  dn  n+|dn|       u      drH   ddrH      drE  drE_CBS  drE_CV  drE_IT  drE_TPNO  drE_SR  drE_HF_CBS  drE_HF_TZ  drE_HF_QZ                                            reaction
24  1.000000 -410.254   -18.029  11     6.0   5.605   42.684 -0.402   43.086   42.412   2.190  -0.853    -1.828   1.165      61.115     62.525     61.631      2ScO6C15H21+2ClH+2MnCl2->H2+2ScCl3+2MnO6C15H21
3   0.879279 -415.242   -19.734   6     6.0   5.863   60.895 -0.081   60.976   60.560   0.419  -0.471    -0.783   1.251      80.710     81.682     81.066              ScO6C15H21+FH+CrCl->ClH+ScF+CrO6C15H21
9   0.835011 -407.742    17.553   4     4.0   6.655   24.542 -0.094   24.636   25.530  -0.746   0.168     0.096  -0.412       7.083      8.199      7.492                  ScO6C15H21+FeCl3->ScCl3+FeO6C15H21
28  0.716682 -417.788    21.654  13     7.0   5.763    3.478  3.262    0.216   -3.135   0.646   1.348    -0.928   2.285     -21.438    -20.426    -21.068      2ScO6C15H21+H2+2FH+2TiO->2OH2+2ScF+2TiO6C15H21
15  0.700636 -413.466    19.031  11     6.0   6.622   24.596 -0.591   25.187   24.173   0.892   0.073    -1.310   1.359       6.156      8.335      6.953      2ScO6C15H21+2ClH+2FeCl2->H2+2ScCl3+2FeO6C15H21
4   0.630728 -412.082   -23.822   7     8.0   5.217  -67.958  0.011  -67.969  -69.390   1.403  -0.670    -0.593   1.281     -44.147    -43.887    -44.052           ScO6C15H21+2ClH+CrCl->H2+ScCl3+CrO6C15H21
10  0.624844 -415.812     7.656   6     6.0   7.681   96.865 -1.231   98.096   97.731   0.705   0.114    -1.626   1.172      90.440     93.247     91.468              ScO6C15H21+FH+FeCl->ClH+ScF+FeO6C15H21
18  0.610179 -415.702   -27.334   4     4.0   6.824  110.002  0.314  109.688  109.912   1.767  -0.735    -2.026   0.770     137.022    138.819    137.680                      ScO6C15H21+MnF->ScF+MnO6C15H21
19  0.563118 -416.722   -29.087   6     6.0   6.388  118.675 -1.084  119.759  120.018   1.715  -0.778    -2.103   0.907     148.846    150.727    149.534              ScO6C15H21+FH+MnCl->ClH+ScF+MnO6C15H21
25  0.556895 -413.414   -13.941  15     8.0   6.210  171.537 -0.494  172.031  172.363   1.205  -0.653    -2.018   1.134     185.972    188.094    186.749    2ScO6C15H21+H2+2FH+2MnCl2->4ClH+2ScF+2MnO6C15H21
11  0.461868 -412.652     3.568   7     8.0   7.201  -31.988 -1.139  -30.849  -32.219   1.689  -0.085    -1.436   1.202     -34.417    -32.321    -33.650           ScO6C15H21+2ClH+FeCl->H2+ScCl3+FeO6C15H21
27  0.444372 -409.025    47.877  11     6.0   4.659   34.795 -0.079   34.874   37.601  -2.347   1.951    -1.842  -0.489     -13.003    -12.548    -12.836      2ScO6C15H21+H2+2TiCl4->2ClH+2ScCl3+2TiO6C15H21
36  0.412111 -415.771    31.891  13     7.0   6.447   20.161  3.518   16.643   12.410   0.924   1.554    -0.452   2.207     -15.248    -13.265    -14.523        2ScO6C15H21+H2+2FH+2VO->2OH2+2ScF+2VO6C15H21
20  0.370302 -413.561   -33.175   7     8.0   5.802  -10.179 -0.992   -9.187   -9.933   2.699  -0.978    -1.913   0.938      23.988     25.158     24.416           ScO6C15H21+2ClH+MnCl->H2+ScCl3+MnO6C15H21
31  0.358164 -414.628    17.566  17    10.0   5.105 -125.375  3.354 -128.729 -133.085   1.630   1.148    -0.738   2.316    -146.295   -145.995   -146.185   2ScO6C15H21+6ClH+2TiO->H2+2OH2+2ScCl3+2TiO6C15H21
16  0.343384 -416.626    23.118  15     8.0   7.141  153.449 -0.683  154.132  154.122  -0.092   0.273    -1.500   1.329     131.014    133.903    132.071    2ScO6C15H21+H2+2FH+2FeCl2->4ClH+2ScF+2FeO6C15H21
30  0.316906 -415.299    13.276  17    10.0   5.647 -137.645 -0.347 -137.298 -138.810  -0.318   1.135    -1.356   2.051    -150.574   -151.600   -150.949     2ScO6C15H21+6FH+2TiO->H2+2OH2+2ScF3+2TiO6C15H21
21  0.248044 -413.213   -35.711   7     8.0   6.727  -31.121 -3.296  -27.825  -25.761   0.803  -0.947    -2.455   0.535       7.886      7.645      7.798              ScO6C15H21+2FH+MnF->H2+ScF3+MnO6C15H21
0   0.243672 -407.071   -49.682   4     4.0   6.442   17.971  1.449   16.522   23.078  -1.161  -0.956    -1.094  -3.345      66.204     65.417     65.916                  ScO6C15H21+CoCl3->ScCl3+CoO6C15H21
26  0.223649 -410.925   -22.319  19    10.0   6.103   30.414 -4.104   34.518   36.689   0.241  -0.866    -2.446   0.900      56.837     56.920     56.867   2ScO6C15H21+6FH+2MnCl2->H2+4ClH+2ScF3+2MnO6C15H21
5   0.211500 -412.753   -28.112   9    10.0   5.749  -80.228 -3.691  -76.537  -75.114  -0.545  -0.684    -1.211   1.017     -48.425    -49.492    -48.816         ScO6C15H21+3FH+CrCl->H2+ClH+ScF3+CrO6C15H21
39  0.205195 -412.610    27.803  17    10.0   5.867 -108.693  3.610 -112.303 -117.542   1.908   1.355    -0.262   2.238    -140.106   -138.833   -139.640     2ScO6C15H21+6ClH+2VO->H2+2OH2+2ScCl3+2VO6C15H21
14  0.201646 -408.413    13.263  10    10.0   7.080   12.272 -3.796   16.068   19.806  -2.694   0.155    -0.522  -0.677       2.805      2.593      2.728          ScO6C15H21+3FH+FeCl3->3ClH+ScF3+FeO6C15H21
38  0.200291 -413.281    23.513  17    10.0   6.344 -120.963 -0.091 -120.872 -123.267  -0.040   1.342    -0.880   1.973    -144.385   -144.439   -144.404       2ScO6C15H21+6FH+2VO->H2+2OH2+2ScF3+2VO6C15H21
17  0.198492 -414.136    14.740  19    10.0   7.048   12.325 -4.292   16.617   18.447  -1.056   0.060    -1.928   1.094       1.877      2.729      2.189   2ScO6C15H21+6FH+2FeCl2->H2+4ClH+2ScF3+2FeO6C15H21
13  0.194680 -413.323    -0.722   9    10.0   7.595  -44.258 -4.841  -39.417  -37.942  -0.259  -0.099    -2.054   0.937     -38.695    -37.927    -38.414         ScO6C15H21+3FH+FeCl->H2+ClH+ScF3+FeO6C15H21
6   0.193129 -413.729    18.893  13     7.0  11.481   12.319  4.639    7.680    3.318   0.380   1.521     1.150   1.311     -11.213     -8.928    -10.376      2ScO6C15H21+H2+2FH+2CrO->2OH2+2ScF+2CrO6C15H21
12  0.164871 -410.902    21.641   9    10.0   7.172  153.395 -0.186  153.581  155.481  -1.730   0.367    -0.094  -0.443     131.940    133.767    132.609         ScO6C15H21+H2+FH+FeCl3->3ClH+ScF+FeO6C15H21
22  0.157528 -412.542   -31.421   9    10.0   6.279  -18.851  0.406  -19.257  -20.038   2.751  -0.934    -1.836   0.800      12.164     13.251     12.562         ScO6C15H21+3ClH+MnF->H2+FH+ScCl3+MnO6C15H21
23  0.122498 -414.232   -37.465   9    10.0   6.284  -22.449 -4.694  -17.755  -15.657   0.751  -0.991    -2.531   0.673      19.710     19.553     19.652         ScO6C15H21+3FH+MnCl->H2+ClH+ScF3+MnO6C15H21
7   0.080562 -411.240    10.515  17    10.0  11.423 -128.804  1.029 -129.833 -132.355  -0.584   1.308     0.722   1.076    -140.348   -140.102   -140.258     2ScO6C15H21+6FH+2CrO->H2+2OH2+2ScF3+2CrO6C15H21
8   0.079005 -410.569    14.805  17    10.0  11.165 -116.534  4.731 -121.265 -126.631   1.364   1.321     1.340   1.341    -136.070   -134.497   -135.494   2ScO6C15H21+6ClH+2CrO->H2+2OH2+2ScCl3+2CrO6C15H21
1   0.066298 -410.231   -45.594   9    10.0   6.975  146.824  1.357  145.467  153.028  -2.145  -0.757    -1.284  -3.375     191.061    190.985    191.034         ScO6C15H21+H2+FH+CoCl3->3ClH+ScF+CoO6C15H21
34  0.044700 -409.696    43.587  23    12.0   5.248   22.525 -3.781   26.306   31.878  -4.296   1.938    -2.460  -0.754     -17.281    -18.154    -17.600   2ScO6C15H21+H2+6FH+2TiCl4->8ClH+2ScF3+2TiO6C15H21
2   0.041300 -407.742   -53.972  10    10.0   6.880    5.701 -2.253    7.954   17.354  -3.109  -0.970    -1.712  -3.609      61.926     59.811     61.152          ScO6C15H21+3FH+CoCl3->3ClH+ScF3+CoO6C15H21
35  0.026384 -412.186    51.965  21    12.0   5.372  163.649 -0.171  163.820  167.553  -3.332   2.150    -2.032  -0.519     111.855    113.020    112.281   2ScO6C15H21+3H2+2FH+2TiCl4->8ClH+2ScF+2TiO6C15H21
29  0.005014 -417.534    83.039  17     9.0   7.374   30.131  8.171   21.960   15.963   0.944   3.424    -1.016   2.645     -61.079    -58.269    -60.051    2ScO6C15H21+3H2+2FH+2TiO2->4OH2+2ScF+2TiO6C15H21
33  0.004537 -415.045    74.661  19    11.0   7.284 -110.992  4.561 -115.553 -119.712  -0.020   3.212    -1.444   2.411    -190.214   -189.444   -189.932    2ScO6C15H21+H2+6FH+2TiO2->4OH2+2ScF3+2TiO6C15H21
32  0.003432 -414.374    78.951  19    11.0   6.872  -98.722  8.263 -106.985 -113.988   1.928   3.225    -0.826   2.676    -185.936   -183.838   -185.168  2ScO6C15H21+H2+6ClH+2TiO2->4OH2+2ScCl3+2TiO6C15H21
37  0.002162 -411.025    92.136  17     9.0   6.961   31.022  8.457   22.565   16.850   0.200   4.065    -0.026   1.476     -69.571    -65.880    -68.220      2ScO6C15H21+3H2+2FH+2VO2->4OH2+2ScF+2VO6C15H21
40  0.002150 -408.535    83.758  19    11.0   6.866 -110.102  4.847 -114.949 -118.825  -0.764   3.852    -0.454   1.242    -198.707   -197.054   -198.102      2ScO6C15H21+H2+6FH+2VO2->4OH2+2ScF3+2VO6C15H21
41  0.001576 -407.865    88.049  19    11.0   6.427  -97.831  8.549 -106.380 -113.102   1.185   3.866     0.164   1.507    -194.429   -191.448   -193.338    2ScO6C15H21+H2+6ClH+2VO2->4OH2+2ScCl3+2VO6C15H21




---------------------------------------------------------------------
10 reactions with the worst weights:
---------------------------------------------------------------------
      weight      dfH  drE_corr  dn  n+|dn|      u      drH   ddrH      drE  drE_CBS  drE_CV  drE_IT  drE_TPNO  drE_SR  drE_HF_CBS  drE_HF_TZ  drE_HF_QZ                                            reaction
41  0.001576 -407.865    88.049  19    11.0  6.427  -97.831  8.549 -106.380 -113.102   1.185   3.866     0.164   1.507    -194.429   -191.448   -193.338    2ScO6C15H21+H2+6ClH+2VO2->4OH2+2ScCl3+2VO6C15H21
40  0.002150 -408.535    83.758  19    11.0  6.866 -110.102  4.847 -114.949 -118.825  -0.764   3.852    -0.454   1.242    -198.707   -197.054   -198.102      2ScO6C15H21+H2+6FH+2VO2->4OH2+2ScF3+2VO6C15H21
37  0.002162 -411.025    92.136  17     9.0  6.961   31.022  8.457   22.565   16.850   0.200   4.065    -0.026   1.476     -69.571    -65.880    -68.220      2ScO6C15H21+3H2+2FH+2VO2->4OH2+2ScF+2VO6C15H21
32  0.003432 -414.374    78.951  19    11.0  6.872  -98.722  8.263 -106.985 -113.988   1.928   3.225    -0.826   2.676    -185.936   -183.838   -185.168  2ScO6C15H21+H2+6ClH+2TiO2->4OH2+2ScCl3+2TiO6C15H21
33  0.004537 -415.045    74.661  19    11.0  7.284 -110.992  4.561 -115.553 -119.712  -0.020   3.212    -1.444   2.411    -190.214   -189.444   -189.932    2ScO6C15H21+H2+6FH+2TiO2->4OH2+2ScF3+2TiO6C15H21
29  0.005014 -417.534    83.039  17     9.0  7.374   30.131  8.171   21.960   15.963   0.944   3.424    -1.016   2.645     -61.079    -58.269    -60.051    2ScO6C15H21+3H2+2FH+2TiO2->4OH2+2ScF+2TiO6C15H21
35  0.026384 -412.186    51.965  21    12.0  5.372  163.649 -0.171  163.820  167.553  -3.332   2.150    -2.032  -0.519     111.855    113.020    112.281   2ScO6C15H21+3H2+2FH+2TiCl4->8ClH+2ScF+2TiO6C15H21
2   0.041300 -407.742   -53.972  10    10.0  6.880    5.701 -2.253    7.954   17.354  -3.109  -0.970    -1.712  -3.609      61.926     59.811     61.152          ScO6C15H21+3FH+CoCl3->3ClH+ScF3+CoO6C15H21
34  0.044700 -409.696    43.587  23    12.0  5.248   22.525 -3.781   26.306   31.878  -4.296   1.938    -2.460  -0.754     -17.281    -18.154    -17.600   2ScO6C15H21+H2+6FH+2TiCl4->8ClH+2ScF3+2TiO6C15H21
1   0.066298 -410.231   -45.594   9    10.0  6.975  146.824  1.357  145.467  153.028  -2.145  -0.757    -1.284  -3.375     191.061    190.985    191.034         ScO6C15H21+H2+FH+CoCl3->3ClH+ScF+CoO6C15H21




---------------------------------------------------------------------
10 reactions with the worst dHf:
---------------------------------------------------------------------
      weight      dfH  drE_corr  dn  n+|dn|      u      drH   ddrH      drE  drE_CBS  drE_CV  drE_IT  drE_TPNO  drE_SR  drE_HF_CBS  drE_HF_TZ  drE_HF_QZ                                          reaction
28  0.716682 -417.788    21.654  13     7.0  5.763    3.478  3.262    0.216   -3.135   0.646   1.348    -0.928   2.285     -21.438    -20.426    -21.068    2ScO6C15H21+H2+2FH+2TiO->2OH2+2ScF+2TiO6C15H21
29  0.005014 -417.534    83.039  17     9.0  7.374   30.131  8.171   21.960   15.963   0.944   3.424    -1.016   2.645     -61.079    -58.269    -60.051  2ScO6C15H21+3H2+2FH+2TiO2->4OH2+2ScF+2TiO6C15H21
19  0.563118 -416.722   -29.087   6     6.0  6.388  118.675 -1.084  119.759  120.018   1.715  -0.778    -2.103   0.907     148.846    150.727    149.534            ScO6C15H21+FH+MnCl->ClH+ScF+MnO6C15H21
16  0.343384 -416.626    23.118  15     8.0  7.141  153.449 -0.683  154.132  154.122  -0.092   0.273    -1.500   1.329     131.014    133.903    132.071  2ScO6C15H21+H2+2FH+2FeCl2->4ClH+2ScF+2FeO6C15H21
10  0.624844 -415.812     7.656   6     6.0  7.681   96.865 -1.231   98.096   97.731   0.705   0.114    -1.626   1.172      90.440     93.247     91.468            ScO6C15H21+FH+FeCl->ClH+ScF+FeO6C15H21
36  0.412111 -415.771    31.891  13     7.0  6.447   20.161  3.518   16.643   12.410   0.924   1.554    -0.452   2.207     -15.248    -13.265    -14.523      2ScO6C15H21+H2+2FH+2VO->2OH2+2ScF+2VO6C15H21
18  0.610179 -415.702   -27.334   4     4.0  6.824  110.002  0.314  109.688  109.912   1.767  -0.735    -2.026   0.770     137.022    138.819    137.680                    ScO6C15H21+MnF->ScF+MnO6C15H21
30  0.316906 -415.299    13.276  17    10.0  5.647 -137.645 -0.347 -137.298 -138.810  -0.318   1.135    -1.356   2.051    -150.574   -151.600   -150.949   2ScO6C15H21+6FH+2TiO->H2+2OH2+2ScF3+2TiO6C15H21
3   0.879279 -415.242   -19.734   6     6.0  5.863   60.895 -0.081   60.976   60.560   0.419  -0.471    -0.783   1.251      80.710     81.682     81.066            ScO6C15H21+FH+CrCl->ClH+ScF+CrO6C15H21
33  0.004537 -415.045    74.661  19    11.0  7.284 -110.992  4.561 -115.553 -119.712  -0.020   3.212    -1.444   2.411    -190.214   -189.444   -189.932  2ScO6C15H21+H2+6FH+2TiO2->4OH2+2ScF3+2TiO6C15H21
