---------------------------------------------------------------------
Results for m1_00_Scacac3-PBE0_V_Fe_Co.all 

Average dfH = -410.87 

Uncertainty = 6.45
Computational contribution = 3.14
Experimental contribution = 5.63
---------------------------------------------------------------------
Number of reactions with all coeficients ≤  10 : 18  of  18
Parameters:
h1 = 4.96 
h2 = 42.0 

Summ of all weights = 6.36
---------------------------------------------------------------------
Average values and MSE of reaction characteristics:

                      Mean       St dev
          dfH      -410.87         1.57
     drE_corr         9.25        21.08
    n+dn_priv         6.90         2.15
          drH        36.15        68.27
         ddrH        -0.27         2.01
          drE        36.42        68.48
      drE_CBS        37.18        69.13
       drE_IT         0.22         0.65
       drE_CV         0.00         1.18
   drE_HF_CBS        27.17        72.47
          u/2         2.82         0.23


---------------------------------------------------------------------
18 reactions with the best weights:
---------------------------------------------------------------------
      weight      dfH  drE_corr  dn  n+|dn|      u      drH   ddrH      drE  drE_CBS  drE_CV  drE_IT  drE_TPNO  drE_HF_CBS  drE_HF_TZ  drE_HF_QZ                                           reaction
3   1.000000 -408.054    17.965   4     4.0  5.644   24.954 -0.094   25.048   25.530  -0.746   0.168     0.096       7.083      8.199      7.492                 ScO6C15H21+FeCl3->ScCl3+FeO6C15H21
4   0.890236 -411.841     6.484   6     6.0  5.971   95.694 -1.231   96.925   97.732   0.705   0.114    -1.626      90.441     93.247     91.468             ScO6C15H21+FH+FeCl->ClH+ScF+FeO6C15H21
9   0.866782 -412.006    17.671  11     6.0  5.605   23.236 -0.591   23.827   24.172   0.892   0.073    -1.310       6.156      8.335      6.953     2ScO6C15H21+2ClH+2FeCl2->H2+2ScCl3+2FeO6C15H21
12  0.602077 -411.463    29.683  13     7.0  5.170   17.953  3.518   14.435   12.409   0.924   1.554    -0.452     -15.248    -13.265    -14.523       2ScO6C15H21+H2+2FH+2VO->2OH2+2ScF+2VO6C15H21
10  0.551213 -412.497    21.790  15     8.0  5.258  152.120 -0.683  152.803  154.122  -0.092   0.273    -1.500     131.013    133.903    132.071   2ScO6C15H21+H2+2FH+2FeCl2->4ClH+2ScF+2FeO6C15H21
5   0.504329 -411.350     2.366   7     8.0  6.279  -33.190 -1.139  -32.051  -32.219   1.689  -0.085    -1.436     -34.417    -32.321    -33.650          ScO6C15H21+2ClH+FeCl->H2+ScCl3+FeO6C15H21
0   0.469281 -410.015   -46.337   4     4.0  4.912   21.315  1.449   19.866   23.077  -1.161  -0.956    -1.094      66.203     65.417     65.916                 ScO6C15H21+CoCl3->ScCl3+CoO6C15H21
6   0.238660 -408.545    22.083   9    10.0  5.300  153.838 -0.186  154.024  155.481  -1.730   0.367    -0.094     131.941    133.767    132.609        ScO6C15H21+H2+FH+FeCl3->3ClH+ScF+FeO6C15H21
11  0.213536 -412.942    13.646  19    10.0  6.103   11.231 -4.292   15.523   18.447  -1.056   0.060    -1.928       1.877      2.729      2.189  2ScO6C15H21+6FH+2FeCl2->H2+4ClH+2ScF3+2FeO6C15H21
8   0.210071 -408.990    13.940  10    10.0  6.139   12.949 -3.796   16.745   19.806  -2.694   0.155    -0.522       2.805      2.593      2.728         ScO6C15H21+3FH+FeCl3->3ClH+ScF3+FeO6C15H21
15  0.200046 -410.972    25.565  17    10.0  5.523 -110.931  3.610 -114.541 -117.542   1.908   1.355    -0.262    -140.106   -138.833   -139.640    2ScO6C15H21+6ClH+2VO->H2+2OH2+2ScCl3+2VO6C15H21
7   0.195025 -412.286    -1.659   9    10.0  6.727  -45.195 -4.841  -40.354  -37.942  -0.259  -0.099    -2.054     -38.695    -37.927    -38.414        ScO6C15H21+3FH+FeCl->H2+ClH+ScF3+FeO6C15H21
14  0.187052 -411.908    21.540  17    10.0  6.027 -122.936 -0.091 -122.845 -123.267  -0.040   1.342    -0.880    -144.385   -144.439   -144.404      2ScO6C15H21+6FH+2VO->H2+2OH2+2ScF3+2VO6C15H21
1   0.158042 -410.506   -42.219   9    10.0  4.512  150.199  1.357  148.842  153.028  -2.145  -0.757    -1.284     191.061    190.985    191.034        ScO6C15H21+H2+FH+CoCl3->3ClH+ScF+CoO6C15H21
2   0.070028 -410.951   -50.362  10    10.0  5.474    9.310 -2.253   11.563   17.354  -3.109  -0.970    -1.712      61.925     59.811     61.152         ScO6C15H21+3FH+CoCl3->3ClH+ScF3+CoO6C15H21
13  0.003894 -407.448    90.660  17     9.0  5.798   29.545  8.457   21.088   16.849   0.200   4.065    -0.026     -69.572    -65.880    -68.220     2ScO6C15H21+3H2+2FH+2VO2->4OH2+2ScF+2VO6C15H21
16  0.002538 -407.893    82.516  19    11.0  6.574 -111.344  4.847 -116.191 -118.825  -0.764   3.852    -0.454    -198.707   -197.054   -198.102     2ScO6C15H21+H2+6FH+2VO2->4OH2+2ScF3+2VO6C15H21
17  0.001994 -406.957    86.542  19    11.0  6.115  -99.339  8.549 -107.888 -113.103   1.185   3.866     0.164    -194.430   -191.448   -193.338   2ScO6C15H21+H2+6ClH+2VO2->4OH2+2ScCl3+2VO6C15H21




---------------------------------------------------------------------
10 reactions with the worst weights:
---------------------------------------------------------------------
      weight      dfH  drE_corr  dn  n+|dn|      u      drH   ddrH      drE  drE_CBS  drE_CV  drE_IT  drE_TPNO  drE_HF_CBS  drE_HF_TZ  drE_HF_QZ                                           reaction
17  0.001994 -406.957    86.542  19    11.0  6.115  -99.339  8.549 -107.888 -113.103   1.185   3.866     0.164    -194.430   -191.448   -193.338   2ScO6C15H21+H2+6ClH+2VO2->4OH2+2ScCl3+2VO6C15H21
16  0.002538 -407.893    82.516  19    11.0  6.574 -111.344  4.847 -116.191 -118.825  -0.764   3.852    -0.454    -198.707   -197.054   -198.102     2ScO6C15H21+H2+6FH+2VO2->4OH2+2ScF3+2VO6C15H21
13  0.003894 -407.448    90.660  17     9.0  5.798   29.545  8.457   21.088   16.849   0.200   4.065    -0.026     -69.572    -65.880    -68.220     2ScO6C15H21+3H2+2FH+2VO2->4OH2+2ScF+2VO6C15H21
2   0.070028 -410.951   -50.362  10    10.0  5.474    9.310 -2.253   11.563   17.354  -3.109  -0.970    -1.712      61.925     59.811     61.152         ScO6C15H21+3FH+CoCl3->3ClH+ScF3+CoO6C15H21
1   0.158042 -410.506   -42.219   9    10.0  4.512  150.199  1.357  148.842  153.028  -2.145  -0.757    -1.284     191.061    190.985    191.034        ScO6C15H21+H2+FH+CoCl3->3ClH+ScF+CoO6C15H21
14  0.187052 -411.908    21.540  17    10.0  6.027 -122.936 -0.091 -122.845 -123.267  -0.040   1.342    -0.880    -144.385   -144.439   -144.404      2ScO6C15H21+6FH+2VO->H2+2OH2+2ScF3+2VO6C15H21
7   0.195025 -412.286    -1.659   9    10.0  6.727  -45.195 -4.841  -40.354  -37.942  -0.259  -0.099    -2.054     -38.695    -37.927    -38.414        ScO6C15H21+3FH+FeCl->H2+ClH+ScF3+FeO6C15H21
15  0.200046 -410.972    25.565  17    10.0  5.523 -110.931  3.610 -114.541 -117.542   1.908   1.355    -0.262    -140.106   -138.833   -139.640    2ScO6C15H21+6ClH+2VO->H2+2OH2+2ScCl3+2VO6C15H21
8   0.210071 -408.990    13.940  10    10.0  6.139   12.949 -3.796   16.745   19.806  -2.694   0.155    -0.522       2.805      2.593      2.728         ScO6C15H21+3FH+FeCl3->3ClH+ScF3+FeO6C15H21
11  0.213536 -412.942    13.646  19    10.0  6.103   11.231 -4.292   15.523   18.447  -1.056   0.060    -1.928       1.877      2.729      2.189  2ScO6C15H21+6FH+2FeCl2->H2+4ClH+2ScF3+2FeO6C15H21




---------------------------------------------------------------------
10 reactions with the worst dHf:
---------------------------------------------------------------------
      weight      dfH  drE_corr  dn  n+|dn|      u      drH   ddrH      drE  drE_CBS  drE_CV  drE_IT  drE_TPNO  drE_HF_CBS  drE_HF_TZ  drE_HF_QZ                                           reaction
11  0.213536 -412.942    13.646  19    10.0  6.103   11.231 -4.292   15.523   18.447  -1.056   0.060    -1.928       1.877      2.729      2.189  2ScO6C15H21+6FH+2FeCl2->H2+4ClH+2ScF3+2FeO6C15H21
10  0.551213 -412.497    21.790  15     8.0  5.258  152.120 -0.683  152.803  154.122  -0.092   0.273    -1.500     131.013    133.903    132.071   2ScO6C15H21+H2+2FH+2FeCl2->4ClH+2ScF+2FeO6C15H21
7   0.195025 -412.286    -1.659   9    10.0  6.727  -45.195 -4.841  -40.354  -37.942  -0.259  -0.099    -2.054     -38.695    -37.927    -38.414        ScO6C15H21+3FH+FeCl->H2+ClH+ScF3+FeO6C15H21
9   0.866782 -412.006    17.671  11     6.0  5.605   23.236 -0.591   23.827   24.172   0.892   0.073    -1.310       6.156      8.335      6.953     2ScO6C15H21+2ClH+2FeCl2->H2+2ScCl3+2FeO6C15H21
14  0.187052 -411.908    21.540  17    10.0  6.027 -122.936 -0.091 -122.845 -123.267  -0.040   1.342    -0.880    -144.385   -144.439   -144.404      2ScO6C15H21+6FH+2VO->H2+2OH2+2ScF3+2VO6C15H21
4   0.890236 -411.841     6.484   6     6.0  5.971   95.694 -1.231   96.925   97.732   0.705   0.114    -1.626      90.441     93.247     91.468             ScO6C15H21+FH+FeCl->ClH+ScF+FeO6C15H21
12  0.602077 -411.463    29.683  13     7.0  5.170   17.953  3.518   14.435   12.409   0.924   1.554    -0.452     -15.248    -13.265    -14.523       2ScO6C15H21+H2+2FH+2VO->2OH2+2ScF+2VO6C15H21
5   0.504329 -411.350     2.366   7     8.0  6.279  -33.190 -1.139  -32.051  -32.219   1.689  -0.085    -1.436     -34.417    -32.321    -33.650          ScO6C15H21+2ClH+FeCl->H2+ScCl3+FeO6C15H21
15  0.200046 -410.972    25.565  17    10.0  5.523 -110.931  3.610 -114.541 -117.542   1.908   1.355    -0.262    -140.106   -138.833   -139.640    2ScO6C15H21+6ClH+2VO->H2+2OH2+2ScCl3+2VO6C15H21
2   0.070028 -410.951   -50.362  10    10.0  5.474    9.310 -2.253   11.563   17.354  -3.109  -0.970    -1.712      61.925     59.811     61.152         ScO6C15H21+3FH+CoCl3->3ClH+ScF3+CoO6C15H21
