---------------------------------------------------------------------
Results for m5_00_Mnacac3-PBE0_all_tmp.all 

Average dfH = -290.81 

Uncertainty = 7.78
Computational contribution = 5.12
Experimental contribution = 5.85
---------------------------------------------------------------------
Number of reactions with all coeficients ≤  10 : 42  of  42
Parameters:
h1 = 4.05 
h2 = 53.37 

Summ of all weights = 9.37
---------------------------------------------------------------------
Average values and MSE of reaction characteristics:

                      Mean       St dev
          dfH      -290.81         2.56
     drE_corr        21.03        21.38
    n+dn_priv         6.07         1.52
          drH       -59.91        54.79
         ddrH         0.91         1.51
          drE       -60.82        55.09
      drE_CBS       -60.95        56.37
       drE_IT         0.80         0.63
       drE_CV        -1.61         0.90
       drE_SR        -0.45         1.35
   drE_HF_CBS       -81.85        58.46
          u/2         2.93         0.53


---------------------------------------------------------------------
42 reactions with the best weights:
---------------------------------------------------------------------
      weight      dfH  drE_corr  dn  n+|dn|       u      drH   ddrH      drE  drE_CBS  drE_CV  drE_IT  drE_TPNO  drE_SR  drE_HF_CBS  drE_HF_TZ  drE_HF_QZ                                            reaction
3   1.000000 -290.220     9.353   4     4.0   5.104  -57.780  1.002  -58.782  -59.457  -1.296   0.308     1.320   0.343     -68.135    -69.045    -68.468                    MnO6C15H21+CrCl->MnCl+CrO6C15H21
24  0.877078 -292.746    18.029  11     6.0   4.627  -42.684  0.402  -43.086  -42.412  -2.190   0.853     1.828  -1.165     -61.115    -62.525    -61.631      2MnO6C15H21+H2+2ScCl3->2ClH+2MnCl2+2ScO6C15H21
6   0.873439 -293.528    -5.793  11     6.0   4.880 -110.642  0.413 -111.055 -111.802  -0.787   0.182     1.236   0.116    -105.262   -106.412   -105.683       2MnO6C15H21+2ClH+2CrCl->H2+2MnCl2+2CrO6C15H21
4   0.648373 -291.240     7.600   6     6.0   5.640  -49.107 -0.395  -48.712  -49.353  -1.348   0.264     1.244   0.481     -56.312    -57.137    -56.614              MnO6C15H21+FH+CrCl->ClH+MnF+CrO6C15H21
18  0.565357 -287.298    27.334   4     4.0   6.046 -110.002 -0.314 -109.688 -109.912  -1.767   0.735     2.026  -0.770    -137.022   -138.819   -137.680                      MnO6C15H21+ScF->MnF+ScO6C15H21
19  0.507723 -286.278    29.087   6     6.0   5.550 -118.675  1.084 -119.759 -120.018  -1.715   0.778     2.103  -0.907    -148.846   -150.727   -149.534              MnO6C15H21+ClH+ScF->FH+MnCl+ScO6C15H21
9   0.410220 -294.912    37.059   4     4.0   6.359  -18.088 -0.188  -17.900  -18.240  -1.298   0.926     0.518   0.194     -54.959    -54.190    -54.678                  MnO6C15H21+FeCl2->MnCl2+FeO6C15H21
2   0.388688 -288.517   -31.653  11     6.0   6.172  -24.713  1.851  -26.564  -19.335  -3.350  -0.104     0.735  -4.510       5.089      2.892      4.285      2MnO6C15H21+H2+2CoCl3->2ClH+2MnCl2+2CoO6C15H21
16  0.368863 -294.098    21.597  11     6.0   6.960  -74.672 -0.737  -73.935  -74.630  -0.501   0.767     0.392   0.037     -95.532    -94.847    -95.281       2MnO6C15H21+2ClH+2FeCl->H2+2MnCl2+2FeO6C15H21
25  0.331071 -289.586    13.941  15     8.0   5.344 -171.537  0.494 -172.031 -172.363  -1.205   0.653     2.018  -1.134    -185.972   -188.094   -186.749    2MnO6C15H21+4ClH+2ScF->H2+2FH+2MnCl2+2ScO6C15H21
15  0.330093 -289.188    35.582  11     6.0   6.394  -18.142  0.308  -18.450  -16.883  -2.935   1.021     1.924  -1.577     -54.032    -54.326    -54.139      2MnO6C15H21+H2+2FeCl3->2ClH+2MnCl2+2FeO6C15H21
10  0.329999 -290.791    36.743   4     4.0   7.119  -21.809 -0.147  -21.662  -22.286  -1.010   0.893     0.477   0.264     -58.405    -57.480    -58.066                    MnO6C15H21+FeCl->MnCl+FeO6C15H21
20  0.290868 -289.439    33.175   7     8.0   4.863   10.179  0.992    9.187    9.933  -2.699   0.978     1.913  -0.938     -23.988    -25.158    -24.416           MnO6C15H21+H2+ScCl3->2ClH+MnCl+ScO6C15H21
11  0.242625 -291.810    34.989   6     6.0   7.513  -13.137 -1.545  -11.592  -12.181  -1.062   0.849     0.400   0.402     -46.581    -45.572    -46.212              MnO6C15H21+FH+FeCl->ClH+MnF+FeO6C15H21
0   0.228066 -285.209   -16.507   7     8.0   6.351   28.149  2.441   25.708   33.010  -3.860   0.022     0.819  -4.283      42.215     40.259     41.500           MnO6C15H21+H2+CoCl3->2ClH+MnCl+CoO6C15H21
14  0.189451 -291.604    52.205  11     6.0   6.533   34.774  0.401   34.373   34.105  -1.807   1.051     0.603   0.421     -17.832    -16.823    -17.463       2MnO6C15H21+H2+2FeCl2->2ClH+2MnCl+2FeO6C15H21
21  0.183606 -289.787    35.711   7     8.0   5.936   31.121  3.296   27.825   25.761  -0.803   0.947     2.455  -0.535      -7.886     -7.645     -7.798              MnO6C15H21+H2+ScF3->2FH+MnF+ScO6C15H21
28  0.169283 -295.274    35.595   7     8.0   6.191 -168.059  3.756 -171.815 -175.499  -0.559   2.001     1.091   1.151    -207.410   -208.520   -207.816           MnO6C15H21+2ClH+TiO->OH2+MnCl2+TiO6C15H21
36  0.156138 -294.057    45.832   7     8.0   5.569 -151.376  4.012 -155.388 -159.955  -0.281   2.208     1.567   1.073    -201.220   -201.359   -201.271             MnO6C15H21+2ClH+VO->OH2+MnCl2+VO6C15H21
31  0.154916 -291.967    50.741  13     7.0   6.369 -115.196  4.346 -119.542 -123.152  -1.069   2.126     1.175   1.378    -170.283   -171.153   -170.602    2MnO6C15H21+H2+2ClH+2TiO->2OH2+2MnCl+2TiO6C15H21
30  0.144204 -292.986    48.988  13     7.0   6.807 -106.524  2.949 -109.473 -113.049  -1.121   2.082     1.099   1.516    -158.461   -159.245   -158.748      2MnO6C15H21+H2+2FH+2TiO->2OH2+2MnF+2TiO6C15H21
39  0.126515 -290.749    60.978  13     7.0   5.766  -98.514  4.602 -103.116 -107.609  -0.791   2.333     1.651   1.300    -164.094   -163.992   -164.057      2MnO6C15H21+H2+2ClH+2VO->2OH2+2MnCl+2VO6C15H21
38  0.116099 -291.769    59.224  13     7.0   6.246  -89.841  3.205  -93.046  -97.505  -0.843   2.289     1.575   1.438    -152.270   -152.084   -152.202        2MnO6C15H21+H2+2FH+2VO->2OH2+2MnF+2VO6C15H21
12  0.095117 -285.881    50.728   7     8.0   6.567   34.721  0.898   33.823   35.463  -3.445   1.146     2.009  -1.350     -16.905    -16.960    -16.925           MnO6C15H21+H2+FeCl3->2ClH+MnCl+FeO6C15H21
26  0.092114 -292.075    22.319  19    10.0   5.219  -30.414  4.104  -34.518  -36.689  -0.241   0.866     2.446  -0.900     -56.837    -56.920    -56.867   2MnO6C15H21+H2+4ClH+2ScF3->6FH+2MnCl2+2ScO6C15H21
17  0.085513 -292.624    50.452  15     8.0   6.960   43.447 -0.996   44.443   44.208  -1.859   1.008     0.527   0.559      -6.009     -4.916     -5.609    2MnO6C15H21+H2+2FH+2FeCl2->4ClH+2MnF+2FeO6C15H21
22  0.071855 -290.458    31.421   9    10.0   5.423   18.851 -0.406   19.257   20.038  -2.751   0.934     1.836  -0.800     -12.164    -13.251    -12.562         MnO6C15H21+H2+FH+ScCl3->3ClH+MnF+ScO6C15H21
27  0.064854 -289.671    65.906   7     8.0   5.829   -7.889  0.323   -8.212   -4.811  -4.537   2.804    -0.014  -1.654     -74.118    -75.073    -74.467          MnO6C15H21+H2+TiCl4->2ClH+MnCl2+TiO6C15H21
23  0.061925 -288.768    37.465   9    10.0   5.430   22.449  4.694   17.755   15.657  -0.751   0.991     2.531  -0.673     -19.710    -19.553    -19.652         MnO6C15H21+H2+ClH+ScF3->3FH+MnCl+ScO6C15H21
1   0.057676 -286.229   -18.260   9    10.0   6.789   36.822  1.043   35.779   43.115  -3.912  -0.022     0.743  -4.145      54.039     52.166     53.354         MnO6C15H21+H2+FH+CoCl3->3ClH+MnF+CoO6C15H21
5   0.057185 -292.015    32.834   7     8.0  11.011 -159.218  5.133 -164.351 -169.043  -0.826   2.174     3.168   0.176    -197.185   -197.022   -197.125           MnO6C15H21+2ClH+CrO->OH2+MnCl2+CrO6C15H21
7   0.056694 -289.727    46.226  13     7.0  11.369  -97.683  4.325 -102.008 -106.593  -1.387   2.255     3.176   0.541    -148.234   -147.747   -148.056      2MnO6C15H21+H2+2FH+2CrO->2OH2+2MnF+2CrO6C15H21
8   0.055992 -288.708    47.980  13     7.0  11.113 -106.355  5.723 -112.078 -116.698  -1.335   2.299     3.253   0.403    -160.058   -159.655   -159.910    2MnO6C15H21+H2+2ClH+2CrO->2OH2+2MnCl+2CrO6C15H21
13  0.026347 -286.900    48.974   9    10.0   6.991   43.393 -0.500   43.893   45.568  -3.497   1.102     1.932  -1.212      -5.081     -5.052     -5.071         MnO6C15H21+H2+FH+FeCl3->3ClH+MnF+FeO6C15H21
34  0.008224 -286.364    81.052  17    10.0   6.018   44.974  0.913   44.061   47.535  -5.047   2.929     0.071  -1.427     -36.991    -37.707    -37.253      2MnO6C15H21+3H2+2TiCl4->6ClH+2MnCl+2TiO6C15H21
29  0.001850 -295.020    96.980   9    10.0   7.714 -141.406  8.665 -150.071 -156.401  -0.262   4.078     1.003   1.511    -247.051   -246.363   -246.799      MnO6C15H21+H2+2ClH+TiO2->2OH2+MnCl2+TiO6C15H21
37  0.001519 -289.311   106.077   9    10.0   6.156 -140.515  8.951 -149.466 -155.514  -1.005   4.718     1.993   0.342    -255.543   -253.974   -254.969        MnO6C15H21+H2+2ClH+VO2->2OH2+MnCl2+VO6C15H21
35  0.001419 -287.384    79.298  21    12.0   6.479   53.647 -0.485   54.132   57.641  -5.099   2.885    -0.006  -1.289     -25.166    -25.799    -25.398   2MnO6C15H21+3H2+2FH+2TiCl4->8ClH+2MnF+2TiO6C15H21
32  0.001203 -292.732   110.373  17     9.0   8.216  -79.871  7.857  -87.728  -93.951  -0.823   4.159     1.011   1.876    -198.101   -197.089   -197.731    2MnO6C15H21+3H2+2FH+2TiO2->4OH2+2MnF+2TiO6C15H21
33  0.001148 -291.712   112.126  17     9.0   7.857  -88.544  9.255  -97.799 -104.056  -0.771   4.203     1.087   1.738    -209.925   -208.996   -209.585  2MnO6C15H21+3H2+2ClH+2TiO2->4OH2+2MnCl+2TiO6C15H21
41  0.000850 -287.023   119.470  17     9.0   6.775  -78.980  8.143  -87.123  -93.064  -1.567   4.800     2.001   0.707    -206.593   -204.699   -205.900      2MnO6C15H21+3H2+2FH+2VO2->4OH2+2MnF+2VO6C15H21
40  0.000838 -286.003   121.223  17     9.0   6.336  -87.653  9.541  -97.194 -103.170  -1.514   4.844     2.077   0.569    -218.417   -216.607   -217.754    2MnO6C15H21+3H2+2ClH+2VO2->4OH2+2MnCl+2VO6C15H21




---------------------------------------------------------------------
10 reactions with the worst weights:
---------------------------------------------------------------------
      weight      dfH  drE_corr  dn  n+|dn|       u      drH   ddrH      drE  drE_CBS  drE_CV  drE_IT  drE_TPNO  drE_SR  drE_HF_CBS  drE_HF_TZ  drE_HF_QZ                                            reaction
40  0.000838 -286.003   121.223  17     9.0   6.336  -87.653  9.541  -97.194 -103.170  -1.514   4.844     2.077   0.569    -218.417   -216.607   -217.754    2MnO6C15H21+3H2+2ClH+2VO2->4OH2+2MnCl+2VO6C15H21
41  0.000850 -287.023   119.470  17     9.0   6.775  -78.980  8.143  -87.123  -93.064  -1.567   4.800     2.001   0.707    -206.593   -204.699   -205.900      2MnO6C15H21+3H2+2FH+2VO2->4OH2+2MnF+2VO6C15H21
33  0.001148 -291.712   112.126  17     9.0   7.857  -88.544  9.255  -97.799 -104.056  -0.771   4.203     1.087   1.738    -209.925   -208.996   -209.585  2MnO6C15H21+3H2+2ClH+2TiO2->4OH2+2MnCl+2TiO6C15H21
32  0.001203 -292.732   110.373  17     9.0   8.216  -79.871  7.857  -87.728  -93.951  -0.823   4.159     1.011   1.876    -198.101   -197.089   -197.731    2MnO6C15H21+3H2+2FH+2TiO2->4OH2+2MnF+2TiO6C15H21
35  0.001419 -287.384    79.298  21    12.0   6.479   53.647 -0.485   54.132   57.641  -5.099   2.885    -0.006  -1.289     -25.166    -25.799    -25.398   2MnO6C15H21+3H2+2FH+2TiCl4->8ClH+2MnF+2TiO6C15H21
37  0.001519 -289.311   106.077   9    10.0   6.156 -140.515  8.951 -149.466 -155.514  -1.005   4.718     1.993   0.342    -255.543   -253.974   -254.969        MnO6C15H21+H2+2ClH+VO2->2OH2+MnCl2+VO6C15H21
29  0.001850 -295.020    96.980   9    10.0   7.714 -141.406  8.665 -150.071 -156.401  -0.262   4.078     1.003   1.511    -247.051   -246.363   -246.799      MnO6C15H21+H2+2ClH+TiO2->2OH2+MnCl2+TiO6C15H21
34  0.008224 -286.364    81.052  17    10.0   6.018   44.974  0.913   44.061   47.535  -5.047   2.929     0.071  -1.427     -36.991    -37.707    -37.253      2MnO6C15H21+3H2+2TiCl4->6ClH+2MnCl+2TiO6C15H21
13  0.026347 -286.900    48.974   9    10.0   6.991   43.393 -0.500   43.893   45.568  -3.497   1.102     1.932  -1.212      -5.081     -5.052     -5.071         MnO6C15H21+H2+FH+FeCl3->3ClH+MnF+FeO6C15H21
8   0.055992 -288.708    47.980  13     7.0  11.113 -106.355  5.723 -112.078 -116.698  -1.335   2.299     3.253   0.403    -160.058   -159.655   -159.910    2MnO6C15H21+H2+2ClH+2CrO->2OH2+2MnCl+2CrO6C15H21




---------------------------------------------------------------------
10 reactions with the worst dHf:
---------------------------------------------------------------------
      weight      dfH  drE_corr  dn  n+|dn|      u      drH   ddrH      drE  drE_CBS  drE_CV  drE_IT  drE_TPNO  drE_SR  drE_HF_CBS  drE_HF_TZ  drE_HF_QZ                                          reaction
28  0.169283 -295.274    35.595   7     8.0  6.191 -168.059  3.756 -171.815 -175.499  -0.559   2.001     1.091   1.151    -207.410   -208.520   -207.816         MnO6C15H21+2ClH+TiO->OH2+MnCl2+TiO6C15H21
29  0.001850 -295.020    96.980   9    10.0  7.714 -141.406  8.665 -150.071 -156.401  -0.262   4.078     1.003   1.511    -247.051   -246.363   -246.799    MnO6C15H21+H2+2ClH+TiO2->2OH2+MnCl2+TiO6C15H21
9   0.410220 -294.912    37.059   4     4.0  6.359  -18.088 -0.188  -17.900  -18.240  -1.298   0.926     0.518   0.194     -54.959    -54.190    -54.678                MnO6C15H21+FeCl2->MnCl2+FeO6C15H21
16  0.368863 -294.098    21.597  11     6.0  6.960  -74.672 -0.737  -73.935  -74.630  -0.501   0.767     0.392   0.037     -95.532    -94.847    -95.281     2MnO6C15H21+2ClH+2FeCl->H2+2MnCl2+2FeO6C15H21
36  0.156138 -294.057    45.832   7     8.0  5.569 -151.376  4.012 -155.388 -159.955  -0.281   2.208     1.567   1.073    -201.220   -201.359   -201.271           MnO6C15H21+2ClH+VO->OH2+MnCl2+VO6C15H21
6   0.873439 -293.528    -5.793  11     6.0  4.880 -110.642  0.413 -111.055 -111.802  -0.787   0.182     1.236   0.116    -105.262   -106.412   -105.683     2MnO6C15H21+2ClH+2CrCl->H2+2MnCl2+2CrO6C15H21
30  0.144204 -292.986    48.988  13     7.0  6.807 -106.524  2.949 -109.473 -113.049  -1.121   2.082     1.099   1.516    -158.461   -159.245   -158.748    2MnO6C15H21+H2+2FH+2TiO->2OH2+2MnF+2TiO6C15H21
24  0.877078 -292.746    18.029  11     6.0  4.627  -42.684  0.402  -43.086  -42.412  -2.190   0.853     1.828  -1.165     -61.115    -62.525    -61.631    2MnO6C15H21+H2+2ScCl3->2ClH+2MnCl2+2ScO6C15H21
32  0.001203 -292.732   110.373  17     9.0  8.216  -79.871  7.857  -87.728  -93.951  -0.823   4.159     1.011   1.876    -198.101   -197.089   -197.731  2MnO6C15H21+3H2+2FH+2TiO2->4OH2+2MnF+2TiO6C15H21
17  0.085513 -292.624    50.452  15     8.0  6.960   43.447 -0.996   44.443   44.208  -1.859   1.008     0.527   0.559      -6.009     -4.916     -5.609  2MnO6C15H21+H2+2FH+2FeCl2->4ClH+2MnF+2FeO6C15H21
