
$molecule
 C    -0.005832   0.000001  -0.027628
 O     0.203720   0.000008   1.383455
 C     1.384347  -0.000002  -0.635374
 C    -0.771262   1.252459  -0.432414
 C    -0.771253  -1.252465  -0.432409
 H     1.329974   0.000055  -1.725667
 H     1.936156   0.884739  -0.312538
 H     1.936113  -0.884802  -0.312631
 H    -0.908213   1.300520  -1.515319
 H    -0.231127   2.144476  -0.109578
 H    -1.763479   1.265318   0.029307
 H    -0.908177  -1.300543  -1.515318
 H    -0.231119  -2.144472  -0.109546
 H    -1.763483  -1.265323   0.029286
 H    -0.657076   0.000031   1.811339
$end
$temperature
298.15
$end
$mult
 1
$end
$sigma
 1
$end
$pressure
1.00000
$end
$scale
0.983
$end
$msrrho
100
4
1
$end
$freq
205.64
256.75
271.95
290.13
338.27
340.74
412.64
459.07
466.94
767.46
917.18
931.81
951.83
952.58
1028.82
1044.44
1162.82
1246.20
1267.72
1362.34
1388.94
1401.41
1417.00
1462.17
1471.22
1475.40
1489.54
1499.81
1508.03
3038.65
3043.29
3058.28
3110.10
3116.60
3132.38
3134.00
3139.27
3141.78
3848.22
$end
