
$molecule
 C     1.440672  -0.461586   0.000002
 O     1.916711   0.640445  -0.000003
 H     2.099913  -1.358350  -0.000003
 C    -0.026387  -0.762092   0.000001
 C    -0.925788   0.456586   0.000001
 H    -0.220654  -1.406966   0.868903
 H    -0.220653  -1.406966  -0.868901
 C    -2.399268   0.089865  -0.000001
 H    -0.688838   1.073362   0.871173
 H    -0.688836   1.073362  -0.871171
 H    -3.028127   0.982394  -0.000001
 H    -2.662051  -0.500809   0.882087
 H    -2.662049  -0.500809  -0.882089
$end
$temperature
298.15
$end
$mult
 1
$end
$sigma
 1
$end
$pressure
1.00000
$end
$scale
0.983
$end
$msrrho
100
4
1
$end
$freq
79.35
178.48
191.56
247.87
345.13
661.74
703.02
786.29
867.99
949.00
970.21
1071.71
1144.77
1153.98
1250.80
1310.99
1321.07
1397.63
1408.45
1414.28
1440.12
1481.64
1492.63
1499.41
1840.59
2883.73
3016.66
3042.71
3042.90
3064.91
3093.07
3118.74
3124.52
$end
