
$molecule
 O     0.008590  -0.122730   0.226986
 C    -1.186232   0.229174  -0.421761
 C     1.151572   0.256084  -0.495787
 C    -2.351343  -0.212239   0.426332
 C     2.377842  -0.159117   0.275856
 H    -1.228150  -0.246088  -1.414576
 H    -1.217464   1.317978  -0.585576
 H    -3.294936   0.050137  -0.056729
 H    -2.317396   0.270230   1.404907
 H    -2.328108  -1.293156   0.576688
 H     1.147861   1.345346  -0.659501
 H     1.141008  -0.217944  -1.490018
 H     2.388421  -1.240291   0.425769
 H     2.395488   0.322412   1.255325
 H     3.282693   0.124366  -0.265851
$end
$temperature
298.15
$end
$mult
 1
$end
$sigma
 1
$end
$pressure
1.00000
$end
$scale
0.983
$end
$msrrho
100
4
1
$end
$freq
101.56
107.21
192.15
247.81
253.02
435.25
444.17
814.25
826.03
868.11
957.08
1083.14
1106.41
1168.06
1190.47
1194.05
1197.37
1295.74
1300.51
1375.84
1393.60
1406.94
1448.46
1474.77
1475.00
1491.03
1494.06
1510.24
1527.99
2964.47
2975.84
2993.09
2996.96
3057.59
3057.98
3136.36
3136.58
3137.86
3137.96
$end
