
$molecule
 C    -0.518398   0.083077  -0.025975
 C     0.703047  -0.801538  -0.068788
 C    -1.860311  -0.579130   0.031067
 O    -0.376078   1.283502  -0.021557
 O     1.874345  -0.060230  -0.023696
 H     0.646992  -1.511622   0.769818
 H     0.642851  -1.404553  -0.988816
 H    -2.621136   0.079031  -0.385640
 H    -1.860755  -1.540712  -0.485177
 H    -2.107483  -0.767037   1.080493
 H     1.587034   0.866879  -0.025450
$end
$temperature
298.15
$end
$mult
 1
$end
$sigma
 1
$end
$pressure
1.00000
$end
$scale
0.983
$end
$msrrho
100
4
1
$end
$freq
71.85
140.03
277.37
408.81
423.77
498.60
628.05
826.75
847.34
990.96
1090.46
1151.28
1211.37
1252.18
1315.31
1383.06
1440.39
1456.38
1470.20
1477.31
1813.04
2990.68
3016.99
3057.35
3128.77
3170.25
3693.88
$end
