
$molecule
 C    -0.016041  -0.005667  -0.806723
 C     0.003117   1.218579  -0.063926
 C    -0.009718  -1.202134  -0.143495
 O     0.031399   1.224531   1.178502
 O     0.017019  -1.258583   1.165607
 C    -0.035236   2.519766  -0.808207
 C    -0.030112  -2.524322  -0.817956
 H     0.028259  -0.286776   1.468650
 H    -0.036438   0.010584  -1.886859
 H     0.604513   2.490817  -1.692020
 H     0.265039   3.332546  -0.149332
 H    -1.057979   2.705020  -1.150332
 H    -0.905264  -3.089635  -0.488315
 H     0.852826  -3.097965  -0.525556
 H    -0.052565  -2.420103  -1.901066
$end
$temperature
298.15
$end
$mult
 1
$end
$sigma
 1
$end
$pressure
1.00000
$end
$scale
0.983
$end
$msrrho
100
4
1
$end
$freq
22.61
117.69
151.59
182.97
237.69
378.68
398.93
518.18
561.81
647.62
662.24
787.44
939.67
955.53
1017.24
1028.96
1039.99
1053.66
1057.23
1192.41
1298.49
1376.49
1383.10
1405.52
1454.72
1462.03
1466.50
1468.20
1515.08
1680.31
1699.22
2810.90
3056.93
3061.01
3125.57
3127.13
3169.56
3171.83
3236.78
$end
