
$molecule
 O     0.381080   1.234558  -0.000000
 C     0.059637  -0.085486   0.000000
 C    -1.414976  -0.273468   0.000000
 C     0.958021  -1.067949   0.000000
 H    -1.673192  -1.330754  -0.000000
 H    -1.854760   0.202733   0.880206
 H    -1.854760   0.202733  -0.880206
 H     2.024087  -0.868163  -0.000000
 H     0.639867  -2.100167   0.000000
 H     1.339183   1.322921  -0.000000
$end
$temperature
298.15
$end
$mult
 1
$end
$sigma
 1
$end
$pressure
1.00000
$end
$scale
0.983
$end
$msrrho
100
4
1
$end
$freq
187.67
409.32
445.90
482.88
511.37
729.98
811.57
881.09
983.92
1021.93
1066.68
1211.58
1369.43
1411.28
1452.42
1463.82
1481.32
1737.70
3055.49
3115.45
3165.49
3166.86
3267.68
3843.35
$end
