
$molecule
 C     2.534288  -0.329238  -0.000031
 C     1.271320   0.514128  -0.000324
 C    -0.000001  -0.318023   0.000182
 H     2.575643  -0.975468  -0.881285
 H     2.575844  -0.974565   0.881876
 H     3.433458   0.290929  -0.000449
 H     1.268884   1.173744  -0.875801
 H     1.269041   1.174573   0.874528
 C    -1.271324   0.514127  -0.000202
 H    -0.000042  -0.980167  -0.875026
 H     0.000040  -0.979216   0.876109
 C    -2.534291  -0.329241   0.000006
 H    -1.268903   1.173846  -0.875601
 H    -1.269032   1.174467   0.874728
 H    -2.575726  -0.974833   0.881726
 H    -3.433462   0.290925  -0.000103
 H    -2.575765  -0.975208  -0.881435
$end
$temperature
298.15
$end
$mult
 1
$end
$sigma
 1
$end
$pressure
1.00000
$end
$scale
0.983
$end
$msrrho
100
4
1
$end
$freq
107.44
111.14
175.48
241.41
248.71
394.51
401.85
730.66
762.15
862.54
882.43
942.69
989.90
1050.26
1071.92
1098.56
1171.86
1204.89
1263.83
1285.44
1322.89
1328.59
1365.09
1403.00
1405.46
1407.39
1476.66
1479.07
1488.35
1490.18
1491.14
1497.50
1504.39
3015.50
3027.65
3034.79
3039.87
3041.56
3042.51
3059.82
3076.66
3111.68
3112.91
3119.23
3119.53
$end
