
$molecule
 C    -0.456493   0.122062  -0.000001
 O     0.582181  -0.726397  -0.000000
 O    -0.332002   1.316684   0.000000
 C    -1.757095  -0.620170  -0.000000
 C     1.866674  -0.112998   0.000000
 H     2.585859  -0.928924   0.000000
 H     1.995238   0.509459   0.886490
 H     1.995239   0.509459  -0.886490
 H    -2.580357   0.089320   0.000001
 H    -1.816936  -1.263981   0.879299
 H    -1.816937  -1.263981  -0.879299
$end
$temperature
298.15
$end
$mult
 1
$end
$sigma
 1
$end
$pressure
1.00000
$end
$scale
0.983
$end
$msrrho
100
4
1
$end
$freq
42.24
137.20
181.72
286.03
427.09
614.60
654.27
878.22
995.73
1064.31
1101.02
1177.54
1211.65
1293.68
1394.39
1461.15
1468.36
1472.35
1478.71
1493.60
1835.71
3066.30
3073.98
3143.08
3143.82
3176.97
3189.86
$end
