
$molecule
 C     0.751619  -0.174401   0.017476
 C    -0.751604   0.174387   0.018702
 O     1.088663  -1.330956   0.015732
 O    -1.088648   1.330943   0.019617
 C     1.698361   0.980841   0.019648
 C    -1.698342  -0.980858   0.019873
 H     1.524305   1.600145   0.903040
 H     1.503198   1.624709  -0.841071
 H     2.723198   0.616687   0.003945
 H    -2.723223  -0.616656   0.008905
 H    -1.521213  -1.603822   0.900038
 H    -1.506173  -1.621153  -0.844218
$end
$temperature
298.15
$end
$mult
 1
$end
$sigma
 1
$end
$pressure
1.00000
$end
$scale
0.983
$end
$msrrho
100
4
1
$end
$freq
47.75
112.97
114.84
239.09
349.86
363.02
527.27
545.12
621.09
701.91
921.48
948.40
1011.55
1069.02
1141.24
1295.92
1378.35
1393.15
1444.68
1445.47
1446.44
1452.11
1822.37
1823.12
3064.90
3064.97
3130.39
3130.69
3182.24
3182.90
$end
