
$molecule
 C     1.940084   0.159742   0.038228
 C     0.572445  -0.500151   0.038865
 H     2.744655  -0.579050   0.039694
 H     2.070625   0.795003   0.918834
 H     2.071170   0.792066  -0.844409
 C    -0.572461   0.500181   0.038073
 H     0.477746  -1.153015   0.914452
 H     0.477468  -1.154248  -0.835782
 C    -1.940123  -0.159648   0.038009
 H    -0.477933   1.154146   0.912846
 H    -0.477267   1.153118  -0.837399
 H    -2.070904  -0.793473  -0.843585
 H    -2.744611   0.579225   0.037840
 H    -2.071104  -0.793364   0.919648
$end
$temperature
298.15
$end
$mult
 1
$end
$sigma
 1
$end
$pressure
1.00000
$end
$scale
0.983
$end
$msrrho
100
4
1
$end
$freq
120.06
221.55
256.34
259.33
426.69
733.98
807.81
854.37
958.74
978.93
1041.99
1090.60
1175.50
1206.32
1286.18
1317.01
1329.54
1395.15
1404.39
1406.27
1478.42
1482.36
1489.73
1491.50
1497.00
1502.94
3024.31
3033.17
3041.73
3042.12
3048.29
3072.41
3110.04
3113.47
3118.88
3119.71
$end
