
$molecule
 C    -1.290274  -0.469621  -0.000001
 O     0.020843  -0.684213  -0.000001
 O    -1.827520   0.599510   0.000003
 H    -1.816094  -1.435912   0.000001
 C     0.845724   0.491987  -0.000001
 C     2.282017   0.046004   0.000000
 H     0.600208   1.089439  -0.881093
 H     0.600207   1.089439   0.881091
 H     2.938136   0.918648   0.000001
 H     2.505966  -0.551397   0.885433
 H     2.505967  -0.551397  -0.885432
$end
$temperature
298.15
$end
$mult
 1
$end
$sigma
 1
$end
$pressure
1.00000
$end
$scale
0.983
$end
$msrrho
100
4
1
$end
$freq
62.69
227.46
236.88
352.45
384.15
801.22
808.96
872.56
1050.15
1055.07
1141.27
1178.17
1245.23
1299.94
1388.39
1400.08
1423.33
1478.43
1490.56
1511.32
1828.58
3046.22
3061.33
3070.64
3109.91
3140.59
3145.90
$end
