
$molecule
 C     0.505484   0.089085  -0.012937
 O     0.435932   1.292444  -0.050707
 C     1.829347  -0.629590  -0.026516
 C    -0.727302  -0.783210   0.043474
 C    -2.026309  -0.012815  -0.051337
 H     1.940372  -1.169880  -0.971450
 H     2.643628   0.085157   0.075963
 H     1.878399  -1.373963   0.772098
 H    -0.672906  -1.357554   0.976979
 H    -0.643812  -1.533540  -0.752056
 H    -2.084733   0.538537  -0.990924
 H    -2.882460  -0.687235   0.007074
 H    -2.104452   0.717376   0.754945
$end
$temperature
298.15
$end
$mult
 1
$end
$sigma
 1
$end
$pressure
1.00000
$end
$scale
0.983
$end
$msrrho
100
4
1
$end
$freq
38.66
99.64
198.46
246.98
402.06
474.38
595.46
748.59
777.51
941.45
949.73
1014.25
1114.63
1129.21
1195.82
1279.97
1366.12
1389.94
1409.23
1441.67
1457.04
1468.15
1483.87
1491.53
1822.45
3034.21
3053.81
3064.45
3065.41
3120.17
3139.66
3145.07
3171.26
$end
