---------------------------------------------------------------------
Results for m4_00_Cracac3-PBE0_all_tmp.all 

Average dfH = -329.6 

Uncertainty = 8.19
Computational contribution = 4.53
Experimental contribution = 6.82
---------------------------------------------------------------------
Number of reactions with all coeficients ≤  10 : 30  of  30
Parameters:
h1 = 3.85 
h2 = 45.42 

Summ of all weights = 6.07
---------------------------------------------------------------------
Average values and MSE of reaction characteristics:

                      Mean       St dev
          dfH      -329.60         2.26
     drE_corr         8.35        21.27
    n+dn_priv         5.84         1.52
          drH        44.43        57.67
         ddrH        -0.51         1.86
          drE        44.94        58.35
      drE_CBS        45.92        59.32
       drE_IT         0.06         0.80
       drE_CV         0.27         1.03
       drE_SR        -0.47         1.05
   drE_HF_CBS        36.59        69.10
          u/2         3.41         1.12


---------------------------------------------------------------------
30 reactions with the best weights:
---------------------------------------------------------------------
      weight      dfH  drE_corr  dn  n+|dn|       u      drH   ddrH      drE  drE_CBS  drE_CV  drE_IT  drE_TPNO  drE_SR  drE_HF_CBS  drE_HF_TZ  drE_HF_QZ                                            reaction
8   1.000000 -331.380    -9.353   4     4.0   5.640   57.780 -1.002   58.782   59.457   1.296  -0.308    -1.320  -0.343      68.135     69.045     68.468                    CrO6C15H21+MnCl->CrCl+MnO6C15H21
11  0.843025 -328.072     5.793  11     6.0   5.438  110.642 -0.413  111.055  111.802   0.787  -0.182    -1.236  -0.116     105.262    106.412    105.683       2CrO6C15H21+H2+2MnCl2->2ClH+2CrCl+2MnO6C15H21
14  0.696564 -325.958    19.734   6     6.0   5.488  -60.895  0.081  -60.976  -60.560  -0.419   0.471     0.783  -1.251     -80.710    -81.682    -81.066              CrO6C15H21+ClH+ScF->FH+CrCl+ScO6C15H21
9   0.655910 -330.360    -7.600   6     6.0   6.129   49.107  0.395   48.712   49.353   1.348  -0.264    -1.244  -0.481      56.312     57.137     56.614              CrO6C15H21+ClH+MnF->FH+CrCl+MnO6C15H21
2   0.461378 -330.471    27.390   4     4.0   7.071   35.971 -1.150   37.121   37.172   0.286   0.585    -0.843  -0.079       9.731     11.565     10.402                    CrO6C15H21+FeCl->CrCl+FeO6C15H21
15  0.372828 -329.118    23.822   7     8.0   4.793   67.958 -0.011   67.969   69.390  -1.403   0.670     0.593  -1.281      44.147     43.887     44.052           CrO6C15H21+H2+ScCl3->2ClH+CrCl+ScO6C15H21
5   0.247665 -331.284    42.852  11     6.0   6.481   92.554 -0.601   93.155   93.561  -0.511   0.744    -0.717   0.078      50.303     52.222     51.005       2CrO6C15H21+H2+2FeCl2->2ClH+2CrCl+2FeO6C15H21
20  0.240764 -333.159     2.761   4     4.0  11.719   -8.841 -1.376   -7.465   -6.455   0.266  -0.173    -2.078   0.975     -10.226    -11.498    -10.692                      CrO6C15H21+TiO->CrO+TiO6C15H21
26  0.235203 -331.941    12.998   4     4.0  11.402    7.841 -1.120    8.961    9.088   0.544   0.034    -1.602   0.897      -4.037     -4.337     -4.146                        CrO6C15H21+VO->CrO+VO6C15H21
0   0.205654 -324.889   -25.860   7     8.0   6.297   85.929  1.438   84.491   92.468  -2.564  -0.286    -0.501  -4.626     110.351    109.304    109.968           CrO6C15H21+H2+CoCl3->2ClH+CrCl+CoO6C15H21
23  0.197579 -331.647    41.388  13     7.0   6.316  -57.416  3.344  -60.760  -63.695   0.227   1.818    -0.145   1.035    -102.148   -102.108   -102.134    2CrO6C15H21+H2+2ClH+2TiO->2OH2+2CrCl+2TiO6C15H21
28  0.152520 -330.429    51.625  13     7.0   5.707  -40.734  3.600  -44.334  -48.152   0.505   2.025     0.331   0.957     -95.959    -94.947    -95.588      2CrO6C15H21+H2+2ClH+2VO->2OH2+2CrCl+2VO6C15H21
17  0.119246 -327.471   -18.893  13     7.0  11.294  -12.319 -4.639   -7.680   -3.318  -0.380  -1.521    -1.150  -1.311      11.213      8.928     10.376      2CrO6C15H21+2OH2+2ScF->H2+2FH+2CrO+2ScO6C15H21
4   0.115861 -325.561    41.375   7     8.0   6.515   92.501 -0.105   92.606   94.922  -2.149   0.838     0.688  -1.693      51.231     52.085     51.543           CrO6C15H21+H2+FeCl3->2ClH+CrCl+FeO6C15H21
6   0.115379 -331.983   -11.237  13     7.0  12.142   84.546 -5.870   90.416   94.412   0.325  -1.406    -2.776  -0.139     101.653    102.175    101.844    2CrO6C15H21+2OH2+2FeCl->H2+2ClH+2CrO+2FeO6C15H21
3   0.080185 -332.796     4.226   7     8.0  11.808  141.129 -5.321  146.450  150.802  -0.472  -1.248    -2.650   0.018     142.224    142.832    142.447           CrO6C15H21+OH2+FeCl2->2ClH+CrO+FeO6C15H21
16  0.069245 -328.447    28.112   9    10.0   5.367   80.228  3.691   76.537   75.114   0.545   0.684     1.211  -1.017      48.425     49.492     48.816         CrO6C15H21+H2+ClH+ScF3->3FH+CrCl+ScO6C15H21
10  0.052647 -329.585   -32.834   7     8.0  11.270  159.218 -5.133  164.351  169.043   0.826  -2.174    -3.168  -0.176     197.185    197.022    197.125           CrO6C15H21+OH2+MnCl2->2ClH+CrO+MnO6C15H21
12  0.047538 -331.873   -46.226  13     7.0  11.619   97.683 -4.325  102.008  106.593   1.387  -2.255    -3.176  -0.541     148.234    147.747    148.056      2CrO6C15H21+2OH2+2MnF->H2+2FH+2CrO+2MnO6C15H21
13  0.045829 -332.892   -47.980  13     7.0  11.369  106.355 -5.723  112.078  116.698   1.335  -2.299    -3.253  -0.403     160.058    159.655    159.910    2CrO6C15H21+2OH2+2MnCl->H2+2ClH+2CrO+2MnO6C15H21
18  0.021966 -329.960   -10.515  17    10.0  11.236  128.804 -1.029  129.833  132.355   0.584  -1.308    -0.722  -1.076     140.348    140.102    140.258     2CrO6C15H21+H2+2OH2+2ScF3->6FH+2CrO+2ScO6C15H21
19  0.021850 -330.631   -14.805  17    10.0  10.973  116.534 -4.731  121.265  126.631  -1.364  -1.321    -1.340  -1.341     136.070    134.497    135.494   2CrO6C15H21+H2+2OH2+2ScCl3->6ClH+2CrO+2ScO6C15H21
21  0.021746 -332.905    64.146   6     6.0  12.590   17.812  3.532   14.280   12.644   0.564   1.904    -2.166   1.334     -49.866    -49.341    -49.675              CrO6C15H21+H2+TiO2->OH2+CrO+TiO6C15H21
7   0.020841 -327.073     2.748  17    10.0  11.827  141.076 -4.825  145.901  152.161  -2.110  -1.153    -1.244  -1.753     143.153    142.696    142.985   2CrO6C15H21+H2+2OH2+2FeCl3->6ClH+2CrO+2FeO6C15H21
27  0.013736 -327.195    73.244   6     6.0  11.700   18.702  3.818   14.884   13.528  -0.179   2.545    -1.176   0.166     -58.360    -56.952    -57.844                CrO6C15H21+H2+VO2->OH2+CrO+VO6C15H21
25  0.006809 -326.044    71.699  17    10.0   5.962  102.754 -0.090  102.844  106.994  -3.751   2.621    -1.250  -1.770      31.145     31.339     31.216      2CrO6C15H21+3H2+2TiCl4->6ClH+2CrCl+2TiO6C15H21
1   0.002842 -326.401   -64.487  17    10.0  11.709  134.504 -3.282  137.786  149.708  -2.525  -2.277    -2.434  -4.686     202.273    199.914    201.410   2CrO6C15H21+H2+2OH2+2CoCl3->6ClH+2CrO+2CoO6C15H21
22  0.001958 -327.556    33.072  10    12.0  11.532  151.329 -4.810  156.139  164.233  -3.712   0.630    -3.182  -1.830     123.067    121.949    122.658        CrO6C15H21+H2+OH2+TiCl4->4ClH+CrO+TiO6C15H21
24  0.000601 -331.392   102.773  17     9.0   7.814  -30.764  8.252  -39.016  -44.597   0.525   3.895    -0.233   1.394    -141.789   -139.951   -141.117  2CrO6C15H21+3H2+2ClH+2TiO2->4OH2+2CrCl+2TiO6C15H21
29  0.000361 -325.683   111.870  17     9.0   6.282  -29.873  8.538  -38.411  -43.712  -0.218   4.536     0.757   0.226    -150.281   -147.562   -149.286    2CrO6C15H21+3H2+2ClH+2VO2->4OH2+2CrCl+2VO6C15H21




---------------------------------------------------------------------
10 reactions with the worst weights:
---------------------------------------------------------------------
      weight      dfH  drE_corr  dn  n+|dn|       u      drH   ddrH      drE  drE_CBS  drE_CV  drE_IT  drE_TPNO  drE_SR  drE_HF_CBS  drE_HF_TZ  drE_HF_QZ                                            reaction
29  0.000361 -325.683   111.870  17     9.0   6.282  -29.873  8.538  -38.411  -43.712  -0.218   4.536     0.757   0.226    -150.281   -147.562   -149.286    2CrO6C15H21+3H2+2ClH+2VO2->4OH2+2CrCl+2VO6C15H21
24  0.000601 -331.392   102.773  17     9.0   7.814  -30.764  8.252  -39.016  -44.597   0.525   3.895    -0.233   1.394    -141.789   -139.951   -141.117  2CrO6C15H21+3H2+2ClH+2TiO2->4OH2+2CrCl+2TiO6C15H21
22  0.001958 -327.556    33.072  10    12.0  11.532  151.329 -4.810  156.139  164.233  -3.712   0.630    -3.182  -1.830     123.067    121.949    122.658        CrO6C15H21+H2+OH2+TiCl4->4ClH+CrO+TiO6C15H21
1   0.002842 -326.401   -64.487  17    10.0  11.709  134.504 -3.282  137.786  149.708  -2.525  -2.277    -2.434  -4.686     202.273    199.914    201.410   2CrO6C15H21+H2+2OH2+2CoCl3->6ClH+2CrO+2CoO6C15H21
25  0.006809 -326.044    71.699  17    10.0   5.962  102.754 -0.090  102.844  106.994  -3.751   2.621    -1.250  -1.770      31.145     31.339     31.216      2CrO6C15H21+3H2+2TiCl4->6ClH+2CrCl+2TiO6C15H21
27  0.013736 -327.195    73.244   6     6.0  11.700   18.702  3.818   14.884   13.528  -0.179   2.545    -1.176   0.166     -58.360    -56.952    -57.844                CrO6C15H21+H2+VO2->OH2+CrO+VO6C15H21
7   0.020841 -327.073     2.748  17    10.0  11.827  141.076 -4.825  145.901  152.161  -2.110  -1.153    -1.244  -1.753     143.153    142.696    142.985   2CrO6C15H21+H2+2OH2+2FeCl3->6ClH+2CrO+2FeO6C15H21
21  0.021746 -332.905    64.146   6     6.0  12.590   17.812  3.532   14.280   12.644   0.564   1.904    -2.166   1.334     -49.866    -49.341    -49.675              CrO6C15H21+H2+TiO2->OH2+CrO+TiO6C15H21
19  0.021850 -330.631   -14.805  17    10.0  10.973  116.534 -4.731  121.265  126.631  -1.364  -1.321    -1.340  -1.341     136.070    134.497    135.494   2CrO6C15H21+H2+2OH2+2ScCl3->6ClH+2CrO+2ScO6C15H21
18  0.021966 -329.960   -10.515  17    10.0  11.236  128.804 -1.029  129.833  132.355   0.584  -1.308    -0.722  -1.076     140.348    140.102    140.258     2CrO6C15H21+H2+2OH2+2ScF3->6FH+2CrO+2ScO6C15H21




---------------------------------------------------------------------
10 reactions with the worst dHf:
---------------------------------------------------------------------
      weight      dfH  drE_corr  dn  n+|dn|       u      drH   ddrH      drE  drE_CBS  drE_CV  drE_IT  drE_TPNO  drE_SR  drE_HF_CBS  drE_HF_TZ  drE_HF_QZ                                            reaction
20  0.240764 -333.159     2.761   4     4.0  11.719   -8.841 -1.376   -7.465   -6.455   0.266  -0.173    -2.078   0.975     -10.226    -11.498    -10.692                      CrO6C15H21+TiO->CrO+TiO6C15H21
21  0.021746 -332.905    64.146   6     6.0  12.590   17.812  3.532   14.280   12.644   0.564   1.904    -2.166   1.334     -49.866    -49.341    -49.675              CrO6C15H21+H2+TiO2->OH2+CrO+TiO6C15H21
13  0.045829 -332.892   -47.980  13     7.0  11.369  106.355 -5.723  112.078  116.698   1.335  -2.299    -3.253  -0.403     160.058    159.655    159.910    2CrO6C15H21+2OH2+2MnCl->H2+2ClH+2CrO+2MnO6C15H21
3   0.080185 -332.796     4.226   7     8.0  11.808  141.129 -5.321  146.450  150.802  -0.472  -1.248    -2.650   0.018     142.224    142.832    142.447           CrO6C15H21+OH2+FeCl2->2ClH+CrO+FeO6C15H21
6   0.115379 -331.983   -11.237  13     7.0  12.142   84.546 -5.870   90.416   94.412   0.325  -1.406    -2.776  -0.139     101.653    102.175    101.844    2CrO6C15H21+2OH2+2FeCl->H2+2ClH+2CrO+2FeO6C15H21
26  0.235203 -331.941    12.998   4     4.0  11.402    7.841 -1.120    8.961    9.088   0.544   0.034    -1.602   0.897      -4.037     -4.337     -4.146                        CrO6C15H21+VO->CrO+VO6C15H21
12  0.047538 -331.873   -46.226  13     7.0  11.619   97.683 -4.325  102.008  106.593   1.387  -2.255    -3.176  -0.541     148.234    147.747    148.056      2CrO6C15H21+2OH2+2MnF->H2+2FH+2CrO+2MnO6C15H21
23  0.197579 -331.647    41.388  13     7.0   6.316  -57.416  3.344  -60.760  -63.695   0.227   1.818    -0.145   1.035    -102.148   -102.108   -102.134    2CrO6C15H21+H2+2ClH+2TiO->2OH2+2CrCl+2TiO6C15H21
24  0.000601 -331.392   102.773  17     9.0   7.814  -30.764  8.252  -39.016  -44.597   0.525   3.895    -0.233   1.394    -141.789   -139.951   -141.117  2CrO6C15H21+3H2+2ClH+2TiO2->4OH2+2CrCl+2TiO6C15H21
8   1.000000 -331.380    -9.353   4     4.0   5.640   57.780 -1.002   58.782   59.457   1.296  -0.308    -1.320  -0.343      68.135     69.045     68.468                    CrO6C15H21+MnCl->CrCl+MnO6C15H21
