---------------------------------------------------------------------
Results for m6_00_Feacac3-PBE0_all_tmp.all 

Average dfH = -282.72 

Uncertainty = 7.98
Computational contribution = 5.6
Experimental contribution = 5.69
---------------------------------------------------------------------
Number of reactions with all coeficients ≤  10 : 42  of  42
Parameters:
h1 = 4.12 
h2 = 38.93 

Summ of all weights = 8.34
---------------------------------------------------------------------
Average values and MSE of reaction characteristics:

                      Mean       St dev
          dfH      -282.72         2.80
     drE_corr       -14.28        21.65
    n+dn_priv         6.28         1.77
          drH       -38.86        62.47
         ddrH         1.42         1.73
          drE       -40.28        63.32
      drE_CBS       -40.87        64.66
       drE_IT         0.02         0.89
       drE_CV         0.29         1.32
       drE_SR        -0.08         1.08
   drE_HF_CBS       -26.00        71.58
          u/2         2.84         0.55


---------------------------------------------------------------------
42 reactions with the best weights:
---------------------------------------------------------------------
      weight      dfH  drE_corr  dn  n+|dn|       u      drH   ddrH      drE  drE_CBS  drE_CV  drE_IT  drE_TPNO  drE_SR  drE_HF_CBS  drE_HF_TZ  drE_HF_QZ                                            reaction
18  1.000000 -286.758   -17.553   4     4.0   4.674  -24.542  0.094  -24.636  -25.530   0.746  -0.168    -0.096   0.412      -7.083     -8.199     -7.492                  FeO6C15H21+ScCl3->FeCl3+ScO6C15H21
24  0.778036 -281.034   -19.031  11     6.0   4.627  -24.596  0.591  -25.187  -24.173  -0.892  -0.073     1.310  -1.359      -6.156     -8.335     -6.953      2FeO6C15H21+H2+2ScCl3->2ClH+2FeCl2+2ScO6C15H21
19  0.556729 -278.688    -7.656   6     6.0   6.046  -96.865  1.231  -98.096  -97.731  -0.705  -0.114     1.626  -1.172     -90.440    -93.247    -91.468              FeO6C15H21+ClH+ScF->FH+FeCl+ScO6C15H21
3   0.513029 -282.629   -27.390   4     4.0   5.640  -35.971  1.150  -37.121  -37.172  -0.286  -0.585     0.843   0.079      -9.731    -11.565    -10.402                    FeO6C15H21+CrCl->FeCl+CrO6C15H21
16  0.431797 -280.802   -21.597  11     6.0   6.001   74.672  0.737   73.935   74.630   0.501  -0.767    -0.392  -0.037      95.532     94.847     95.281       2FeO6C15H21+H2+2MnCl2->2ClH+2FeCl+2MnO6C15H21
9   0.386282 -279.988   -37.059   4     4.0   5.292   18.088  0.188   17.900   18.240   1.298  -0.926    -0.518  -0.194      54.959     54.190     54.678                  FeO6C15H21+MnCl2->FeCl2+MnO6C15H21
20  0.351877 -281.848    -3.568   7     8.0   5.423   31.988  1.139   30.849   32.219  -1.689   0.085     1.436  -1.202      34.417     32.321     33.650           FeO6C15H21+H2+ScCl3->2ClH+FeCl+ScO6C15H21
30  0.335014 -283.683    30.324  11     6.0   5.867   10.253  0.015   10.238   12.072  -1.602   1.783    -1.938  -0.077     -20.086    -20.747    -20.328      2FeO6C15H21+H2+2TiCl4->2ClH+2FeCl3+2TiO6C15H21
15  0.322474 -285.712   -35.582  11     6.0   5.334   18.142 -0.308   18.450   16.883   2.935  -1.021    -1.924   1.577      54.032     54.326     54.139      2FeO6C15H21+2ClH+2MnCl2->H2+2FeCl3+2MnO6C15H21
36  0.319827 -282.345     8.772   7     8.0   5.569 -133.288  4.201 -137.489 -141.713   1.016   1.281     1.048   0.879    -146.261   -147.168   -146.593             FeO6C15H21+2ClH+VO->OH2+FeCl2+VO6C15H21
31  0.298856 -284.376    13.998  13     7.0   6.807  -93.387  4.493  -97.880 -100.866  -0.059   1.233     0.698   1.114    -111.878   -113.673   -112.535    2FeO6C15H21+H2+2ClH+2TiO->2OH2+2FeCl+2TiO6C15H21
10  0.287176 -284.109   -36.743   4     4.0   6.185   21.809  0.147   21.662   22.286   1.010  -0.893    -0.477  -0.264      58.405     57.480     58.066                    FeO6C15H21+MnCl->FeCl+MnO6C15H21
38  0.274172 -283.158    24.235  13     7.0   6.246  -76.705  4.749  -81.454  -85.323   0.219   1.440     1.174   1.036    -105.689   -106.512   -105.990      2FeO6C15H21+H2+2ClH+2VO->2OH2+2FeCl+2VO6C15H21
27  0.271883 -283.563    -1.464   7     8.0   6.191 -149.970  3.945 -153.915 -157.257   0.738   1.075     0.572   0.957    -152.451   -154.330   -153.139           FeO6C15H21+2ClH+TiO->OH2+FeCl2+TiO6C15H21
6   0.264470 -281.816   -42.852  11     6.0   4.880  -92.554  0.601  -93.155  -93.561   0.511  -0.744     0.717  -0.078     -50.303    -52.222    -51.005       2FeO6C15H21+2ClH+2CrCl->H2+2FeCl2+2CrO6C15H21
25  0.256832 -277.874   -23.118  15     8.0   5.344 -153.449  0.683 -154.132 -154.122   0.092  -0.273     1.500  -1.329    -131.014   -133.903   -132.071    2FeO6C15H21+4ClH+2ScF->H2+2FH+2FeCl2+2ScO6C15H21
11  0.214309 -283.090   -34.989   6     6.0   6.634   13.137  1.545   11.592   12.181   1.062  -0.849    -0.400  -0.402      46.581     45.572     46.212              FeO6C15H21+ClH+MnF->FH+FeCl+MnO6C15H21
28  0.177381 -277.960    28.846   7     8.0   5.829   10.200  0.512    9.688   13.430  -3.239   1.877    -0.532  -1.848     -19.158    -20.883    -19.789          FeO6C15H21+H2+TiCl4->2ClH+FeCl2+TiO6C15H21
5   0.139113 -287.539   -41.375   7     8.0   4.924  -92.501  0.105  -92.606  -94.922   2.149  -0.838    -0.688   1.693     -51.231    -52.085    -51.543           FeO6C15H21+2ClH+CrCl->H2+FeCl3+CrO6C15H21
14  0.115809 -283.296   -52.205  11     6.0   5.500  -34.774 -0.401  -34.373  -34.105   1.807  -1.051    -0.603  -0.421      17.832     16.823     17.463       2FeO6C15H21+2ClH+2MnCl->H2+2FeCl2+2MnO6C15H21
7   0.112174 -281.117    11.237  13     7.0  11.369  -84.546  5.870  -90.416  -94.412  -0.325   1.406     2.776   0.139    -101.653   -102.175   -101.844    2FeO6C15H21+H2+2ClH+2CrO->2OH2+2FeCl+2CrO6C15H21
23  0.103407 -286.087   -13.263  10    10.0   5.261  -12.272  3.796  -16.068  -19.806   2.694  -0.155     0.522   0.677      -2.805     -2.593     -2.728          FeO6C15H21+3ClH+ScF3->3FH+FeCl3+ScO6C15H21
26  0.102249 -280.364   -14.740  19    10.0   5.219  -12.325  4.292  -16.617  -18.447   1.056  -0.060     1.928  -1.094      -1.877     -2.729     -2.189   2FeO6C15H21+H2+4ClH+2ScF3->6FH+2FeCl2+2ScO6C15H21
40  0.095361 -288.068    10.250  17    10.0   5.608 -133.235  3.705 -136.940 -143.073   2.654   1.187    -0.358   2.650    -147.190   -147.032   -147.132     2FeO6C15H21+6ClH+2VO->H2+2OH2+2FeCl3+2VO6C15H21
22  0.091191 -281.177     0.722   9    10.0   5.936   44.258  4.841   39.417   37.942   0.259   0.099     2.054  -0.937      38.695     37.927     38.414         FeO6C15H21+H2+ClH+ScF3->3FH+FeCl+ScO6C15H21
4   0.085064 -280.304    -4.226   7     8.0  11.011 -141.129  5.321 -146.450 -150.802   0.472   1.248     2.650  -0.018    -142.224   -142.832   -142.447           FeO6C15H21+2ClH+CrO->OH2+FeCl2+CrO6C15H21
33  0.082896 -289.286     0.013  17    10.0   6.227 -149.917  3.449 -153.366 -158.616   2.376   0.980    -0.834   2.728    -153.379   -154.194   -153.677   2FeO6C15H21+6ClH+2TiO->H2+2OH2+2FeCl3+2TiO6C15H21
21  0.081381 -283.598   -21.641   9    10.0   5.385 -153.395  0.186 -153.581 -155.481   1.730  -0.367     0.094   0.443    -131.940   -133.767   -132.609         FeO6C15H21+3ClH+ScF->H2+FH+FeCl3+ScO6C15H21
12  0.062252 -289.019   -50.728   7     8.0   5.540  -34.721 -0.898  -33.823  -35.463   3.445  -1.146    -2.009   1.350      16.905     16.960     16.925           FeO6C15H21+2ClH+MnCl->H2+FeCl3+MnO6C15H21
17  0.054042 -282.276   -50.452  15     8.0   6.001  -43.447  0.996  -44.443  -44.208   1.859  -1.008    -0.527  -0.559       6.009      4.916      5.609    2FeO6C15H21+4ClH+2MnF->H2+2FH+2FeCl2+2MnO6C15H21
0   0.035206 -282.528   -67.235   4     4.0   6.207   -6.572  1.543   -8.115   -2.454  -0.415  -1.124    -1.189  -2.933      59.120     57.218     58.424                  FeO6C15H21+CoCl3->FeCl3+CoO6C15H21
1   0.034868 -277.618   -53.250   7     8.0   6.789   49.958  2.588   47.370   55.296  -2.850  -0.871     0.342  -4.547     100.620     97.738     99.566           FeO6C15H21+H2+CoCl3->2ClH+FeCl+CoO6C15H21
8   0.026284 -286.027    -2.748  17    10.0  11.031 -141.076  4.825 -145.901 -152.161   2.110   1.153     1.244   1.753    -143.153   -142.696   -142.985   2FeO6C15H21+6ClH+2CrO->H2+2OH2+2FeCl3+2CrO6C15H21
2   0.024644 -276.805   -68.712  11     6.0   6.172   -6.625  2.039   -8.664   -1.093  -2.053  -1.030     0.216  -4.704      60.048     57.082     58.963      2FeO6C15H21+H2+2CoCl3->2ClH+2FeCl2+2CoO6C15H21
34  0.020966 -278.773    44.309  17    10.0   6.479   66.783  1.060   65.723   69.820  -4.036   2.036    -0.406  -1.691      21.414     19.773     20.814      2FeO6C15H21+3H2+2TiCl4->6ClH+2FeCl+2TiO6C15H21
13  0.018122 -288.000   -48.974   9    10.0   6.037  -43.393  0.500  -43.893  -45.568   3.497  -1.102    -1.932   1.212       5.081      5.052      5.071         FeO6C15H21+3ClH+MnF->H2+FH+FeCl3+MnO6C15H21
29  0.005055 -283.308    59.921   9    10.0   7.714 -123.318  8.853 -132.171 -138.158   1.036   3.151     0.484   1.316    -192.092   -192.173   -192.122      FeO6C15H21+H2+2ClH+TiO2->2OH2+FeCl2+TiO6C15H21
37  0.003661 -277.599    69.018   9    10.0   6.156 -122.427  9.139 -131.566 -137.273   0.293   3.792     1.474   0.148    -200.584   -199.783   -200.291        FeO6C15H21+H2+2ClH+VO2->2OH2+FeCl2+VO6C15H21
32  0.002142 -284.122    75.383  17     9.0   8.216  -66.734  9.402  -76.136  -81.769   0.239   3.310     0.610   1.474    -151.519   -151.517   -151.518  2FeO6C15H21+3H2+2ClH+2TiO2->4OH2+2FeCl+2TiO6C15H21
35  0.002074 -289.032    61.398  19    11.0   7.742 -123.264  8.357 -131.621 -139.518   2.674   3.057    -0.922   3.088    -193.019   -192.037   -192.660  2FeO6C15H21+H2+6ClH+2TiO2->4OH2+2FeCl3+2TiO6C15H21
41  0.001469 -283.322    70.495  19    11.0   6.192 -122.374  8.643 -131.017 -138.632   1.930   3.698     0.068   1.919    -201.512   -199.647   -200.830    2FeO6C15H21+H2+6ClH+2VO2->4OH2+2FeCl3+2VO6C15H21
39  0.001207 -278.412    84.480  17     9.0   6.775  -65.844  9.688  -75.532  -80.884  -0.504   3.951     1.600   0.305    -160.012   -159.127   -159.688    2FeO6C15H21+3H2+2ClH+2VO2->4OH2+2FeCl+2VO6C15H21




---------------------------------------------------------------------
10 reactions with the worst weights:
---------------------------------------------------------------------
      weight      dfH  drE_corr  dn  n+|dn|       u      drH   ddrH      drE  drE_CBS  drE_CV  drE_IT  drE_TPNO  drE_SR  drE_HF_CBS  drE_HF_TZ  drE_HF_QZ                                            reaction
39  0.001207 -278.412    84.480  17     9.0   6.775  -65.844  9.688  -75.532  -80.884  -0.504   3.951     1.600   0.305    -160.012   -159.127   -159.688    2FeO6C15H21+3H2+2ClH+2VO2->4OH2+2FeCl+2VO6C15H21
41  0.001469 -283.322    70.495  19    11.0   6.192 -122.374  8.643 -131.017 -138.632   1.930   3.698     0.068   1.919    -201.512   -199.647   -200.830    2FeO6C15H21+H2+6ClH+2VO2->4OH2+2FeCl3+2VO6C15H21
35  0.002074 -289.032    61.398  19    11.0   7.742 -123.264  8.357 -131.621 -139.518   2.674   3.057    -0.922   3.088    -193.019   -192.037   -192.660  2FeO6C15H21+H2+6ClH+2TiO2->4OH2+2FeCl3+2TiO6C15H21
32  0.002142 -284.122    75.383  17     9.0   8.216  -66.734  9.402  -76.136  -81.769   0.239   3.310     0.610   1.474    -151.519   -151.517   -151.518  2FeO6C15H21+3H2+2ClH+2TiO2->4OH2+2FeCl+2TiO6C15H21
37  0.003661 -277.599    69.018   9    10.0   6.156 -122.427  9.139 -131.566 -137.273   0.293   3.792     1.474   0.148    -200.584   -199.783   -200.291        FeO6C15H21+H2+2ClH+VO2->2OH2+FeCl2+VO6C15H21
29  0.005055 -283.308    59.921   9    10.0   7.714 -123.318  8.853 -132.171 -138.158   1.036   3.151     0.484   1.316    -192.092   -192.173   -192.122      FeO6C15H21+H2+2ClH+TiO2->2OH2+FeCl2+TiO6C15H21
13  0.018122 -288.000   -48.974   9    10.0   6.037  -43.393  0.500  -43.893  -45.568   3.497  -1.102    -1.932   1.212       5.081      5.052      5.071         FeO6C15H21+3ClH+MnF->H2+FH+FeCl3+MnO6C15H21
34  0.020966 -278.773    44.309  17    10.0   6.479   66.783  1.060   65.723   69.820  -4.036   2.036    -0.406  -1.691      21.414     19.773     20.814      2FeO6C15H21+3H2+2TiCl4->6ClH+2FeCl+2TiO6C15H21
2   0.024644 -276.805   -68.712  11     6.0   6.172   -6.625  2.039   -8.664   -1.093  -2.053  -1.030     0.216  -4.704      60.048     57.082     58.963      2FeO6C15H21+H2+2CoCl3->2ClH+2FeCl2+2CoO6C15H21
8   0.026284 -286.027    -2.748  17    10.0  11.031 -141.076  4.825 -145.901 -152.161   2.110   1.153     1.244   1.753    -143.153   -142.696   -142.985   2FeO6C15H21+6ClH+2CrO->H2+2OH2+2FeCl3+2CrO6C15H21




---------------------------------------------------------------------
10 reactions with the worst dHf:
---------------------------------------------------------------------
      weight      dfH  drE_corr  dn  n+|dn|       u      drH   ddrH      drE  drE_CBS  drE_CV  drE_IT  drE_TPNO  drE_SR  drE_HF_CBS  drE_HF_TZ  drE_HF_QZ                                            reaction
33  0.082896 -289.286     0.013  17    10.0   6.227 -149.917  3.449 -153.366 -158.616   2.376   0.980    -0.834   2.728    -153.379   -154.194   -153.677   2FeO6C15H21+6ClH+2TiO->H2+2OH2+2FeCl3+2TiO6C15H21
35  0.002074 -289.032    61.398  19    11.0   7.742 -123.264  8.357 -131.621 -139.518   2.674   3.057    -0.922   3.088    -193.019   -192.037   -192.660  2FeO6C15H21+H2+6ClH+2TiO2->4OH2+2FeCl3+2TiO6C15H21
12  0.062252 -289.019   -50.728   7     8.0   5.540  -34.721 -0.898  -33.823  -35.463   3.445  -1.146    -2.009   1.350      16.905     16.960     16.925           FeO6C15H21+2ClH+MnCl->H2+FeCl3+MnO6C15H21
40  0.095361 -288.068    10.250  17    10.0   5.608 -133.235  3.705 -136.940 -143.073   2.654   1.187    -0.358   2.650    -147.190   -147.032   -147.132     2FeO6C15H21+6ClH+2VO->H2+2OH2+2FeCl3+2VO6C15H21
13  0.018122 -288.000   -48.974   9    10.0   6.037  -43.393  0.500  -43.893  -45.568   3.497  -1.102    -1.932   1.212       5.081      5.052      5.071         FeO6C15H21+3ClH+MnF->H2+FH+FeCl3+MnO6C15H21
5   0.139113 -287.539   -41.375   7     8.0   4.924  -92.501  0.105  -92.606  -94.922   2.149  -0.838    -0.688   1.693     -51.231    -52.085    -51.543           FeO6C15H21+2ClH+CrCl->H2+FeCl3+CrO6C15H21
18  1.000000 -286.758   -17.553   4     4.0   4.674  -24.542  0.094  -24.636  -25.530   0.746  -0.168    -0.096   0.412      -7.083     -8.199     -7.492                  FeO6C15H21+ScCl3->FeCl3+ScO6C15H21
23  0.103407 -286.087   -13.263  10    10.0   5.261  -12.272  3.796  -16.068  -19.806   2.694  -0.155     0.522   0.677      -2.805     -2.593     -2.728          FeO6C15H21+3ClH+ScF3->3FH+FeCl3+ScO6C15H21
8   0.026284 -286.027    -2.748  17    10.0  11.031 -141.076  4.825 -145.901 -152.161   2.110   1.153     1.244   1.753    -143.153   -142.696   -142.985   2FeO6C15H21+6ClH+2CrO->H2+2OH2+2FeCl3+2CrO6C15H21
15  0.322474 -285.712   -35.582  11     6.0   5.334   18.142 -0.308   18.450   16.883   2.935  -1.021    -1.924   1.577      54.032     54.326     54.139      2FeO6C15H21+2ClH+2MnCl2->H2+2FeCl3+2MnO6C15H21
